0 1460 730 65535
250 1460 730 65535
500 1460 730 65535
750 1460 730 65535
1000 1460 730 65535
1250 1460 730 65535
1500 1460 730 65535
1750 1460 730 65535
2000 1460 730 65535
2250 1460 730 65535
2500 1460 730 65535
2750 1460 730 65535
3000 1460 730 65535
3250 1460 730 65535
3500 1460 730 65535
3750 1460 730 65535
4000 1460 730 65535
4250 1460 730 65535
4500 1460 730 65535
4750 1460 730 65535
5000 1460 730 65535
5250 1460 730 65535
5500 1460 730 65535
5750 1460 730 65535
6000 1460 730 65535
6250 1460 730 65535
6500 1460 730 65535
6750 1460 730 65535
7000 1460 730 65535
7250 1460 730 65535
7500 1460 730 65535
7750 1460 730 65535
8000 1460 730 65535
8250 1460 730 65535
8500 1460 730 65535
8750 1460 730 65535
9000 1460 730 65535
9250 1460 730 65535
9500 2920 730 64535
9750 2920 730 64535
10000 2920 730 64535
10250 2920 730 64535
10500 2920 730 64535
10750 2920 730 64535
11000 2920 730 64535
11250 2920 730 64535
11500 2920 730 64535
11750 2920 730 64535
12000 2920 730 64535
12250 2920 730 64535
12500 2920 730 64535
12750 2920 730 64535
13000 2920 730 64535
13250 2920 730 64535
13500 2920 730 64535
13750 2920 730 64535
14000 2920 730 64535
14250 2920 730 64535
14500 2920 730 64535
14750 2920 730 64535
15000 2920 730 64535
15250 2920 730 64535
15500 2920 730 64535
15750 2920 730 64535
16000 2920 730 64535
16250 2920 730 64535
16500 2920 730 64535
16750 2920 730 64535
17000 2920 730 64535
17250 2920 730 64535
17500 2920 730 64535
17750 2920 730 64535
18000 3650 730 64535
18250 4234 730 63535
18500 4234 730 63535
18750 4234 730 63535
19000 4234 730 63535
19250 4234 730 63535
19500 4234 730 63535
19750 4234 730 63535
20000 4234 730 63535
20250 4234 730 63535
20500 4234 730 63535
20750 4234 730 63535
21000 4234 730 63535
21250 4234 730 63535
21500 4234 730 63535
21750 4234 730 63535
22000 4234 730 63535
22250 4234 730 63535
22500 4234 730 63535
22750 4234 730 63535
23000 4234 730 63535
23250 4234 730 63535
23500 4234 730 63535
23750 4234 730 63535
24000 4234 730 63535
24250 4234 730 63535
24500 4234 730 63535
24750 4234 730 63535
25000 4234 730 63535
25250 4234 730 65535
25500 4234 730 65535
25750 4234 730 65535
26000 4234 730 65535
26250 4234 730 65535
26500 4234 730 65535
26750 4234 730 65535
27000 4234 730 65535
27250 4234 730 65535
27500 4234 730 65535
27750 4234 730 65535
28000 4234 730 65535
28250 4234 730 65535
28500 4234 730 65535
28750 4234 730 65535
29000 4234 730 65535
29250 4234 730 65535
29500 4234 730 65535
29750 4234 730 65535
30000 4234 730 65535
30250 4234 730 65535
30500 4234 730 65535
30750 4234 730 65535
31000 4234 730 65535
31250 4234 730 65535
31500 4234 730 65535
31750 4234 730 65535
32000 4234 730 65535
32250 4234 730 65535
32500 4234 730 65535
32750 4234 730 65535
33000 4234 730 65535
33250 4234 730 65535
33500 4234 730 65535
33750 4234 730 65535
34000 4234 730 65535
34250 4234 730 65535
34500 4234 730 65535
34750 4234 730 65535
35000 4234 730 65535
35250 4234 730 65535
35500 4234 730 65535
35750 4234 730 65535
36000 4234 730 65535
36250 4234 730 65535
36500 4234 730 65535
36750 4234 730 65535
37000 4234 730 65535
37250 4234 730 65535
37500 4234 730 65535
37750 4234 730 65535
38000 4234 730 65535
38250 4234 730 65535
38500 4234 730 65535
38750 4234 730 65535
39000 4234 730 65535
39250 4234 730 65535
39500 4234 730 65535
39750 4234 730 65535
40000 4234 730 65535
40250 4234 730 65535
40500 4234 730 65535
40750 4234 730 65535
41000 4234 730 65535
41250 4234 730 65535
41500 4234 730 65535
41750 4234 730 65535
42000 4234 730 65535
42250 4234 730 65535
42500 4234 730 65535
42750 4234 730 65535
43000 4234 730 65535
43250 4234 730 65535
43500 4234 730 65535
43750 4234 730 65535
44000 4234 730 65535
44250 4234 730 65535
44500 4234 730 65535
44750 4234 730 65535
45000 4234 730 65535
45250 4234 730 65535
45500 4234 730 65535
45750 4234 730 65535
46000 4234 730 65535
46250 4234 730 65535
46500 4234 730 65535
46750 4234 730 65535
47000 4234 730 65535
47250 4234 730 65535
47500 4234 730 65535
47750 4234 730 65535
48000 4234 730 65535
48250 4234 730 65535
48500 4234 730 65535
48750 4234 730 65535
49000 4234 730 65535
49250 4234 730 65535
49500 4234 730 65535
49750 4234 730 65535
50000 4234 730 65535
50250 4234 730 65535
50500 4234 730 65535
50750 4234 730 65535
51000 4234 730 65535
51250 4234 730 65535
51500 4234 730 65535
51750 4234 730 65535
52000 4234 730 65535
52250 4234 730 65535
52500 4234 730 65535
52750 4234 730 65535
53000 4234 730 65535
53250 4234 730 65535
53500 4234 730 65535
53750 4234 730 65535
54000 4234 730 65535
54250 4234 730 65535
54500 4234 730 65535
54750 4234 730 65535
55000 4234 730 65535
55250 4234 730 65535
55500 4234 730 65535
55750 4234 730 65535
56000 4234 730 65535
56250 4234 730 65535
56500 4234 730 65535
56750 4234 730 65535
57000 4234 730 65535
57250 4234 730 65535
57500 4234 730 65535
57750 4234 730 65535
58000 4234 730 65535
58250 4234 730 65535
58500 4234 730 65535
58750 4234 730 65535
59000 4234 730 65535
59250 4234 730 65535
59500 4234 730 65535
59750 4234 730 65535
60000 4234 730 65535
60250 4234 730 65535
60500 4234 730 65535
60750 4234 730 65535
61000 4234 730 65535
61250 4234 730 65535
61500 4234 730 65535
61750 4234 730 65535
62000 4234 730 65535
62250 4234 730 65535
62500 4234 730 65535
62750 4234 730 65535
63000 4234 730 65535
63250 4234 730 65535
63500 4234 730 65535
63750 4234 730 65535
64000 4234 730 65535
64250 4234 730 65535
64500 4234 730 65535
64750 4234 730 65535
65000 4234 730 65535
65250 4234 730 65535
65500 4234 730 65535
65750 4234 730 65535
66000 4234 730 65535
66250 4234 730 65535
66500 4234 730 65535
66750 4234 730 65535
67000 4234 730 65535
67250 4234 730 65535
67500 4234 730 65535
67750 4234 730 65535
68000 4234 730 65535
68250 4234 730 65535
68500 4234 730 65535
68750 4234 730 65535
69000 4234 730 65535
69250 4234 730 65535
69500 4234 730 65535
69750 4234 730 65535
70000 4234 730 65535
70250 4234 730 65535
70500 4234 730 65535
70750 4234 730 65535
71000 4234 730 65535
71250 4234 730 65535
71500 4234 730 65535
71750 4234 730 65535
72000 4234 730 65535
72250 4234 730 65535
72500 4234 730 65535
72750 4234 730 65535
73000 4234 730 65535
73250 4234 730 65535
73500 4234 730 65535
73750 4234 730 65535
74000 4234 730 65535
74250 4234 730 65535
74500 4234 730 65535
74750 4234 730 65535
75000 4234 730 65535
75250 4234 730 65535
75500 4234 730 65535
75750 4234 730 65535
76000 4234 730 65535
76250 4234 730 65535
76500 4234 730 65535
76750 4234 730 65535
77000 4234 730 65535
77250 4234 730 65535
77500 4234 730 65535
77750 4234 730 65535
78000 4234 730 65535
78250 4234 730 65535
78500 4234 730 65535
78750 4234 730 65535
79000 4234 730 65535
79250 4234 730 65535
79500 4234 730 65535
79750 4234 730 65535
80000 4234 730 65535
80250 4234 730 65535
80500 4234 730 65535
80750 4234 730 65535
81000 4234 730 65535
81250 4234 730 65535
81500 4234 730 65535
81750 4234 730 65535
82000 4234 730 65535
82250 4234 730 65535
82500 4234 730 65535
82750 4234 730 65535
83000 4234 730 65535
83250 4234 730 65535
83500 4234 730 65535
83750 4234 730 65535
84000 4234 730 65535
84250 4234 730 65535
84500 4234 730 65535
84750 4234 730 65535
85000 4234 730 65535
85250 4234 730 65535
85500 4234 730 65535
85750 4234 730 65535
86000 4234 730 65535
86250 4234 730 65535
86500 4234 730 65535
86750 4234 730 65535
87000 4234 730 65535
87250 4234 730 65535
87500 4234 730 65535
87750 4234 730 65535
88000 4234 730 65535
88250 4234 730 65535
88500 4234 730 65535
88750 4234 730 65535
89000 4234 730 65535
89250 4234 730 65535
89500 4234 730 65535
89750 4234 730 65535
90000 4234 730 65535
90250 4234 730 65535
90500 4234 730 65535
90750 4234 730 65535
91000 4234 730 65535
91250 4234 730 65535
91500 4234 730 65535
91750 4234 730 65535
92000 4234 730 65535
92250 4234 730 65535
92500 4234 730 65535
92750 4234 730 65535
93000 4234 730 65535
93250 4234 730 65535
93500 4234 730 65535
93750 4234 730 65535
94000 4234 730 65535
94250 4234 730 65535
94500 4234 730 65535
94750 4234 730 65535
95000 4234 730 65535
95250 4234 730 65535
95500 4234 730 65535
95750 4234 730 65535
96000 4234 730 65535
96250 4234 730 65535
96500 4234 730 65535
96750 4234 730 65535
97000 4234 730 65535
97250 4234 730 65535
97500 4234 730 65535
97750 4234 730 65535
98000 4234 730 65535
98250 4234 730 65535
98500 4234 730 65535
98750 4234 730 65535
99000 4234 730 65535
99250 4234 730 65535
99500 4234 730 65535
99750 4234 730 65535
100000 4234 730 65535
100250 4234 730 65535
100500 4234 730 65535
100750 4234 730 65535
101000 4234 730 65535
101250 4234 730 65535
101500 4234 730 65535
101750 4234 730 65535
102000 4234 730 65535
102250 4234 730 65535
102500 4234 730 65535
102750 4234 730 65535
103000 4234 730 65535
103250 4234 730 65535
103500 4234 730 65535
103750 4234 730 65535
104000 4234 730 65535
104250 4234 730 65535
104500 4234 730 65535
104750 4234 730 65535
105000 4234 730 65535
105250 4234 730 65535
105500 4234 730 65535
105750 4234 730 65535
106000 4234 730 65535
106250 4234 730 65535
106500 4234 730 65535
106750 4234 730 65535
107000 4234 730 65535
107250 4234 730 65535
107500 4234 730 65535
107750 4234 730 65535
108000 4234 730 65535
108250 4234 730 65535
108500 4234 730 65535
108750 4234 730 65535
109000 4234 730 65535
109250 4234 730 65535
109500 4234 730 65535
109750 4234 730 65535
110000 4234 730 65535
110250 4234 730 65535
110500 4234 730 65535
110750 4234 730 65535
111000 4234 730 65535
111250 4234 730 65535
111500 4234 730 65535
111750 4234 730 65535
112000 4234 730 65535
112250 4234 730 65535
112500 4234 730 65535
112750 4234 730 65535
113000 4234 730 65535
113250 4234 730 65535
113500 4234 730 65535
113750 4234 730 65535
114000 4234 730 65535
114250 4234 730 65535
114500 4234 730 65535
114750 4234 730 65535
115000 4234 730 65535
115250 4234 730 65535
115500 4234 730 65535
115750 4234 730 65535
116000 4234 730 65535
116250 4234 730 65535
116500 1460 2117 65535
116750 1460 2117 65535
117000 1460 2117 65535
117250 1460 2117 65535
117500 1460 2117 65535
117750 1460 2117 65535
118000 1460 2117 65535
118250 1460 2117 65535
118500 1460 2117 65535
118750 1460 2117 65535
119000 1460 2117 65535
119250 1460 2117 65535
119500 1460 2117 65535
119750 1460 2117 65535
120000 1460 2117 65535
120250 1460 2117 65535
120500 1460 2117 65535
120750 1460 2117 65535
121000 1460 2117 65535
121250 1460 2117 65535
121500 1460 2117 65535
121750 1460 2117 65535
122000 1460 2117 65535
122250 1460 2117 65535
122500 1460 2117 65535
122750 1460 2117 65535
123000 1460 2117 65535
123250 1460 2117 65535
123500 1460 2117 65535
123750 1460 2117 65535
124000 1460 2117 65535
124250 1460 2117 65535
124500 1460 2117 65535
124750 1460 2117 65535
125000 1460 2117 65535
125250 1460 2117 65535
125500 1460 2117 65535
125750 1460 2117 65535
126000 1460 2117 65535
126250 1460 2117 65535
126500 1460 2117 65535
126750 1460 2117 65535
127000 1460 2117 65535
127250 1460 2117 65535
127500 1460 2117 65535
127750 1460 2117 65535
128000 1460 2117 65535
128250 1460 2117 65535
128500 1460 2117 65535
128750 2920 2117 62535
129000 2920 2117 62535
129250 2920 2117 62535
129500 2920 2117 62535
129750 2920 2117 62535
130000 2920 2117 62535
130250 2920 2117 62535
130500 2920 2117 62535
130750 2920 2117 62535
131000 2920 2117 62535
131250 2920 2117 62535
131500 2920 2117 62535
131750 2920 2117 62535
132000 2920 2117 62535
132250 2920 2117 62535
132500 2920 2117 62535
132750 2920 2117 62535
133000 2920 2117 62535
133250 2920 2117 62535
133500 2920 2117 62535
133750 2920 2117 62535
134000 2920 2117 62535
134250 2920 2117 62535
134500 2920 2117 62535
134750 2920 2117 62535
135000 2920 2117 62535
135250 2920 2117 62535
135500 2920 2117 62535
135750 2920 2117 62535
136000 2920 2117 62535
136250 2920 2117 62535
136500 2920 2117 62535
136750 2920 2117 62535
137000 2920 2117 62535
137250 2920 2117 62535
137500 2920 2117 62535
137750 2920 2117 62535
138000 2920 2117 62535
138250 2920 2117 62535
138500 2920 2117 62535
138750 2920 2117 62535
139000 2920 2117 62535
139250 2920 2117 62535
139500 2920 2117 62535
139750 2920 2117 62535
140000 2920 2117 62535
140250 4234 2117 63535
140500 4234 2117 63535
140750 4234 2117 63535
141000 4234 2117 63535
141250 4234 2117 63535
141500 4234 2117 63535
141750 4234 2117 63535
142000 4234 2117 63535
142250 4234 2117 63535
142500 4234 2117 63535
142750 4234 2117 63535
143000 4234 2117 63535
143250 4234 2117 63535
143500 4234 2117 63535
143750 4234 2117 63535
144000 4234 2117 63535
144250 4234 2117 63535
144500 4234 2117 63535
144750 4234 2117 63535
145000 4234 2117 63535
145250 4234 2117 63535
145500 4234 2117 63535
145750 4234 2117 63535
146000 4234 2117 63535
146250 4234 2117 63535
146500 4234 2117 63535
146750 4234 2117 63535
147000 4234 2117 63535
147250 4234 2117 63535
147500 4234 2117 63535
147750 4234 2117 63535
148000 4234 2117 63535
148250 4234 2117 63535
148500 4234 2117 63535
148750 4234 2117 63535
149000 4234 2117 63535
149250 4234 2117 63535
149500 4234 2117 63535
149750 4234 2117 63535
150000 4234 2117 63535
150250 4234 2117 63535
150500 4234 2117 63535
150750 5597 2117 62535
151000 5597 2117 62535
151250 5597 2117 62535
151500 5597 2117 62535
151750 5597 2117 62535
152000 5597 2117 62535
152250 5597 2117 62535
152500 5597 2117 62535
152750 5597 2117 62535
153000 5597 2117 62535
153250 5597 2117 62535
153500 5597 2117 62535
153750 5597 2117 62535
154000 5597 2117 62535
154250 5597 2117 62535
154500 5597 2117 62535
154750 5597 2117 62535
155000 5597 2117 62535
155250 5597 2117 62535
155500 5597 2117 62535
155750 5597 2117 62535
156000 5597 2117 62535
156250 5597 2117 62535
156500 5597 2117 62535
156750 5597 2117 62535
157000 5597 2117 62535
157250 5597 2117 62535
157500 5597 2117 62535
157750 5597 2117 62535
158000 5597 2117 62535
158250 5597 2117 62535
158500 5597 2117 62535
158750 5597 2117 62535
159000 5597 2117 62535
159250 5597 2117 62535
159500 5597 2117 62535
159750 5597 2117 62535
160000 5597 2117 62535
160250 5597 2117 62535
160500 5597 2117 62535
160750 5597 2117 62535
161000 5597 2117 62535
161250 5597 2117 62535
161500 5597 2117 62535
161750 5597 2117 62535
162000 5597 2117 62535
162250 5597 2117 62535
162500 5597 2117 62535
162750 5597 2117 62535
163000 5597 2117 62535
163250 5597 2117 62535
163500 5597 2117 62535
163750 5977 2117 62535
164000 6333 2117 63535
164250 7293 2117 60535
164500 7293 2117 60535
164750 7293 2117 60535
165000 7293 2117 60535
165250 7293 2117 60535
165500 7293 2117 60535
165750 7293 2117 60535
166000 7293 2117 60535
166250 7293 2117 60535
166500 7293 2117 60535
166750 7293 2117 60535
167000 7293 2117 60535
167250 7293 2117 60535
167500 7293 2117 60535
167750 7293 2117 60535
168000 7293 2117 60535
168250 7293 2117 60535
168500 7293 2117 60535
168750 7293 2117 60535
169000 7293 2117 60535
169250 7293 2117 60535
169500 7293 2117 60535
169750 7293 2117 60535
170000 7293 2117 60535
170250 7293 2117 60535
170500 7293 2117 60535
170750 7293 2117 60535
171000 7293 2117 60535
171250 7293 2117 60535
171500 7293 2117 60535
171750 7293 2117 60535
172000 7293 2117 60535
172250 7293 2117 60535
172500 7293 2117 60535
172750 7293 2117 60535
173000 7293 2117 60535
173250 7293 2117 60535
173500 7293 2117 60535
173750 7293 2117 60535
174000 7293 2117 60535
174250 7293 2117 60535
174500 7293 2117 60535
174750 7293 2117 60535
175000 7293 2117 60535
175250 7293 2117 60535
175500 7293 2117 60535
175750 7293 2117 60535
176000 7293 2117 60535
176250 7293 2117 60535
176500 7293 2117 60535
176750 7293 2117 60535
177000 7293 2117 60535
177250 7293 2117 60535
177500 7293 2117 60535
177750 7293 2117 60535
178000 7293 2117 60535
178250 7585 2117 60535
178500 7866 2117 63535
178750 7866 2117 63535
179000 7866 2117 63535
179250 7866 2117 63535
179500 7866 2117 63535
179750 7866 2117 63535
180000 7866 2117 63535
180250 7866 2117 63535
180500 7866 2117 63535
180750 7866 2117 63535
181000 7866 2117 63535
181250 7866 2117 63535
181500 7866 2117 63535
181750 7866 2117 63535
182000 7866 2117 63535
182250 7866 2117 63535
182500 7866 2117 63535
182750 7866 2117 63535
183000 7866 2117 63535
183250 7866 2117 63535
183500 7866 2117 63535
183750 7866 2117 63535
184000 7866 2117 63535
184250 7866 2117 63535
184500 7866 2117 63535
184750 7866 2117 63535
185000 7866 2117 63535
185250 7866 2117 63535
185500 7866 2117 63535
185750 7866 2117 63535
186000 7866 2117 63535
186250 7866 2117 63535
186500 7866 2117 63535
186750 7866 2117 63535
187000 7866 2117 63535
187250 7866 2117 63535
187500 7866 2117 63535
187750 7866 2117 63535
188000 7866 2117 63535
188250 7866 2117 63535
188500 7866 2117 63535
188750 7866 2117 63535
189000 7866 2117 63535
189250 7866 2117 63535
189500 7866 2117 63535
189750 8136 2117 64535
190000 8397 2117 63535
190250 9135 2117 60535
190500 9595 2117 58535
190750 9595 2117 58535
191000 9595 2117 58535
191250 9595 2117 58535
191500 9595 2117 58535
191750 9595 2117 58535
192000 9595 2117 58535
192250 9595 2117 58535
192500 9595 2117 58535
192750 9595 2117 58535
193000 9595 2117 58535
193250 9595 2117 58535
193500 9595 2117 58535
193750 9595 2117 58535
194000 9595 2117 58535
194250 9595 2117 58535
194500 9595 2117 58535
194750 9595 2117 58535
195000 9595 2117 58535
195250 9595 2117 58535
195500 9595 2117 58535
195750 9595 2117 58535
196000 9595 2117 58535
196250 9595 2117 58535
196500 9595 2117 58535
196750 9595 2117 58535
197000 9595 2117 58535
197250 9595 2117 58535
197500 9595 2117 58535
197750 9595 2117 58535
198000 9595 2117 58535
198250 9595 2117 58535
198500 9595 2117 58535
198750 9595 2117 58535
199000 9595 2117 58535
199250 9595 2117 58535
199500 9595 2117 58535
199750 9595 2117 58535
200000 9595 2117 58535
200250 9595 2117 58535
200500 9595 2117 58535
200750 9595 2117 58535
201000 9595 2117 58535
201250 9595 2117 58535
201500 9595 2117 58535
201750 9595 2117 58535
202000 9595 2117 58535
202250 9595 2117 58535
202500 9595 2117 58535
202750 9595 2117 58535
203000 9595 2117 58535
203250 9595 2117 58535
203500 9595 2117 58535
203750 9817 2117 64535
204000 11053 2117 64535
204250 11245 2117 64535
204500 11245 2117 64535
204750 11245 2117 64535
205000 11245 2117 64535
205250 11245 2117 64535
205500 11245 2117 64535
205750 11245 2117 64535
206000 11245 2117 64535
206250 11245 2117 64535
206500 11245 2117 64535
206750 11245 2117 64535
207000 11245 2117 64535
207250 11245 2117 64535
207500 11245 2117 64535
207750 11245 2117 64535
208000 11245 2117 64535
208250 11245 2117 64535
208500 11245 2117 64535
208750 11245 2117 64535
209000 11245 2117 64535
209250 11245 2117 64535
209500 11245 2117 64535
209750 11245 2117 64535
210000 11245 2117 64535
210250 11245 2117 64535
210500 11245 2117 64535
210750 11245 2117 64535
211000 11245 2117 64535
211250 11245 2117 64535
211500 11245 2117 64535
211750 11245 2117 64535
212000 11245 2117 64535
212250 11245 2117 64535
212500 11245 2117 64535
212750 11245 2117 64535
213000 11245 2117 64535
213250 11245 2117 64535
213500 11245 2117 64535
213750 11245 2117 64535
214000 11245 2117 64535
214250 11245 2117 64535
214500 11245 2117 64535
214750 11245 2117 64535
215000 11245 2117 64535
215250 11245 2117 64535
215500 11245 2117 64535
215750 11245 2117 64535
216000 11245 2117 64535
216250 11245 2117 64535
216500 11245 2117 64535
216750 11245 2117 64535
217000 11245 2117 64535
217250 11245 2117 64535
217500 11245 2117 64535
217750 11245 2117 64535
218000 12160 2117 60535
218250 13010 2117 55535
218500 13010 2117 55535
218750 13010 2117 55535
219000 13010 2117 55535
219250 13010 2117 55535
219500 13010 2117 55535
219750 13010 2117 55535
220000 13010 2117 55535
220250 13010 2117 55535
220500 13010 2117 55535
220750 13010 2117 55535
221000 13010 2117 55535
221250 13010 2117 55535
221500 13010 2117 55535
221750 13010 2117 55535
222000 13010 2117 55535
222250 13010 2117 55535
222500 13010 2117 55535
222750 13010 2117 55535
223000 13010 2117 55535
223250 13010 2117 55535
223500 13010 2117 55535
223750 13010 2117 55535
224000 13010 2117 55535
224250 13010 2117 55535
224500 13010 2117 55535
224750 13010 2117 55535
225000 13010 2117 55535
225250 13010 2117 55535
225500 13010 2117 55535
225750 13010 2117 55535
226000 13010 2117 55535
226250 13010 2117 55535
226500 13010 2117 55535
226750 13010 2117 55535
227000 13010 2117 55535
227250 13010 2117 55535
227500 13010 2117 55535
227750 13010 2117 55535
228000 13010 2117 55535
228250 13010 2117 55535
228500 13010 2117 55535
228750 13010 2117 55535
229000 13010 2117 55535
229250 13010 2117 55535
229500 13010 2117 55535
229750 13010 2117 55535
230000 13010 2117 55535
230250 13010 2117 55535
230500 13010 2117 55535
230750 13010 2117 55535
231000 13010 2117 55535
231250 14705 2117 55535
231500 14705 2117 54535
231750 14849 2117 53535
232000 14849 2117 53535
232250 14849 2117 53535
232500 14849 2117 53535
232750 14849 2117 53535
233000 14849 2117 53535
233250 14849 2117 53535
233500 14849 2117 53535
233750 14849 2117 53535
234000 14849 2117 53535
234250 14849 2117 53535
234500 14849 2117 53535
234750 14849 2117 53535
235000 14849 2117 53535
235250 14849 2117 53535
235500 14849 2117 53535
235750 14849 2117 53535
236000 14849 2117 53535
236250 14849 2117 53535
236500 14849 2117 53535
236750 14849 2117 53535
237000 14849 2117 53535
237250 14849 2117 53535
237500 14849 2117 53535
237750 14849 2117 53535
238000 14849 2117 53535
238250 14849 2117 53535
238500 14849 2117 53535
238750 14849 2117 53535
239000 14849 2117 53535
239250 14849 2117 53535
239500 14849 2117 53535
239750 14849 2117 53535
240000 14849 2117 53535
240250 14849 2117 53535
240500 14849 2117 53535
240750 14849 2117 53535
241000 14849 2117 53535
241250 14849 2117 53535
241500 14849 2117 53535
241750 14849 2117 53535
242000 14849 2117 53535
242250 14849 2117 53535
242500 14849 2117 53535
242750 14849 2117 53535
243000 15413 2117 60535
243250 16483 2117 62535
243500 16612 2117 64535
243750 16612 2117 64535
244000 16612 2117 64535
244250 16612 2117 64535
244500 16612 2117 64535
244750 16612 2117 64535
245000 16612 2117 64535
245250 16612 2117 64535
245500 16612 2117 64535
245750 16612 2117 64535
246000 16612 2117 64535
246250 16612 2117 64535
246500 16612 2117 64535
246750 16612 2117 64535
247000 16612 2117 64535
247250 16612 2117 64535
247500 16612 2117 64535
247750 16612 2117 64535
248000 16612 2117 64535
248250 16612 2117 64535
248500 16612 2117 64535
248750 16612 2117 64535
249000 16612 2117 64535
249250 16612 2117 64535
249500 16612 2117 64535
249750 16612 2117 64535
250000 16612 2117 64535
250250 16612 2117 64535
250500 16612 2117 64535
250750 16612 2117 64535
251000 16612 2117 64535
251250 16612 2117 64535
251500 16612 2117 64535
251750 16612 2117 64535
252000 16612 2117 64535
252250 16612 2117 64535
252500 16612 2117 64535
252750 16612 2117 64535
253000 16612 2117 64535
253250 16612 2117 64535
253500 16612 2117 64535
253750 16612 2117 64535
254000 16612 2117 64535
254250 16612 2117 64535
254500 16612 2117 64535
254750 16612 2117 64535
255000 16612 2117 64535
255250 16993 2117 62535
255500 17242 2117 60535
255750 17242 2117 60535
256000 17242 2117 60535
256250 17242 2117 60535
256500 17242 2117 60535
256750 17242 2117 60535
257000 17242 2117 60535
257250 17242 2117 60535
257500 17242 2117 60535
257750 17242 2117 60535
258000 17242 2117 60535
258250 17242 2117 60535
258500 17242 2117 60535
258750 17242 2117 60535
259000 17242 2117 60535
259250 17242 2117 60535
259500 17242 2117 60535
259750 17242 2117 60535
260000 17242 2117 60535
260250 17242 2117 60535
260500 17242 2117 60535
260750 17242 2117 60535
261000 17242 2117 60535
261250 17242 2117 60535
261500 17242 2117 60535
261750 17242 2117 60535
262000 17242 2117 60535
262250 17242 2117 60535
262500 17242 2117 60535
262750 17242 2117 60535
263000 17242 2117 60535
263250 17242 2117 60535
263500 17242 2117 60535
263750 17242 2117 60535
264000 17242 2117 60535
264250 17242 2117 60535
264500 17242 2117 60535
264750 17242 2117 60535
265000 17242 2117 60535
265250 17242 2117 60535
265500 17242 2117 60535
265750 17242 2117 60535
266000 17242 2117 60535
266250 17242 2117 60535
266500 17242 2117 60535
266750 17242 2117 60535
267000 17242 2117 60535
267250 17242 2117 60535
267500 17242 2117 60535
267750 17242 2117 60535
268000 17365 2117 64535
268250 17365 2117 64535
268500 17487 2117 64535
268750 19116 2117 50535
269000 19116 2117 50535
269250 19116 2117 50535
269500 19116 2117 50535
269750 19116 2117 50535
270000 19116 2117 50535
270250 19116 2117 50535
270500 19116 2117 50535
270750 19116 2117 50535
271000 19116 2117 50535
271250 19116 2117 50535
271500 19116 2117 50535
271750 19116 2117 50535
272000 19116 2117 50535
272250 19116 2117 50535
272500 19116 2117 50535
272750 19116 2117 50535
273000 19116 2117 50535
273250 19116 2117 50535
273500 19116 2117 50535
273750 19116 2117 50535
274000 19116 2117 50535
274250 19116 2117 50535
274500 19116 2117 50535
274750 19116 2117 50535
275000 19116 2117 50535
275250 19116 2117 50535
275500 19116 2117 50535
275750 19116 2117 50535
276000 19116 2117 50535
276250 19116 2117 50535
276500 19116 2117 50535
276750 19116 2117 50535
277000 19116 2117 50535
277250 19116 2117 50535
277500 19116 2117 50535
277750 19116 2117 50535
278000 19116 2117 50535
278250 19116 2117 50535
278500 19116 2117 50535
278750 19116 2117 50535
279000 19116 2117 50535
279250 19116 2117 50535
279500 19116 2117 50535
279750 19116 2117 50535
280000 19116 2117 50535
280250 19116 2117 50535
280500 19116 2117 50535
280750 19116 2117 50535
281000 19116 2117 50535
281250 19227 2117 64535
281500 19227 2117 64535
281750 19227 2117 64535
282000 19227 2117 64535
282250 19227 2117 64535
282500 19227 2117 64535
282750 19227 2117 64535
283000 19227 2117 64535
283250 19227 2117 64535
283500 19227 2117 64535
283750 19227 2117 64535
284000 19227 2117 64535
284250 19227 2117 64535
284500 19227 2117 64535
284750 19227 2117 64535
285000 19227 2117 64535
285250 19227 2117 64535
285500 19227 2117 64535
285750 19227 2117 64535
286000 19227 2117 64535
286250 19227 2117 64535
286500 19227 2117 64535
286750 19227 2117 64535
287000 19227 2117 64535
287250 19227 2117 64535
287500 19227 2117 64535
287750 19227 2117 64535
288000 19227 2117 64535
288250 19227 2117 64535
288500 19227 2117 64535
288750 19227 2117 64535
289000 19227 2117 64535
289250 19227 2117 64535
289500 19227 2117 64535
289750 19227 2117 64535
290000 19227 2117 64535
290250 19227 2117 64535
290500 19227 2117 64535
290750 19227 2117 64535
291000 19227 2117 64535
291250 19227 2117 64535
291500 19227 2117 64535
291750 19227 2117 64535
292000 19227 2117 64535
292250 19227 2117 64535
292500 19986 2117 61535
292750 20303 2117 64535
293000 20921 2117 59535
293250 21123 2117 56535
293500 21123 2117 56535
293750 21123 2117 56535
294000 21123 2117 56535
294250 21123 2117 56535
294500 21123 2117 56535
294750 21123 2117 56535
295000 21123 2117 56535
295250 21123 2117 56535
295500 21123 2117 56535
295750 21123 2117 56535
296000 21123 2117 56535
296250 21123 2117 56535
296500 21123 2117 56535
296750 21123 2117 56535
297000 21123 2117 56535
297250 21123 2117 56535
297500 21123 2117 56535
297750 21123 2117 56535
298000 21123 2117 56535
298250 21123 2117 56535
298500 21123 2117 56535
298750 21123 2117 56535
299000 21123 2117 56535
299250 21123 2117 56535
299500 21123 2117 56535
299750 21123 2117 56535
300000 21123 2117 56535
300250 21123 2117 56535
300500 21123 2117 56535
300750 21123 2117 56535
301000 21123 2117 56535
301250 21123 2117 56535
301500 21123 2117 56535
301750 21123 2117 56535
302000 21123 2117 56535
302250 21123 2117 56535
302500 21123 2117 56535
302750 21123 2117 56535
303000 21123 2117 56535
303250 21123 2117 56535
303500 21123 2117 56535
303750 21123 2117 56535
304000 21123 2117 56535
304250 21123 2117 56535
304500 21123 2117 56535
304750 21123 2117 56535
305000 21913 2117 57535
305250 21913 2117 57535
305500 22488 2117 64535
305750 22676 2117 63535
306000 23048 2117 63535
306250 23048 2117 63535
306500 23048 2117 63535
306750 23048 2117 63535
307000 23048 2117 63535
307250 23048 2117 63535
307500 23048 2117 63535
307750 23048 2117 63535
308000 23048 2117 63535
308250 23048 2117 63535
308500 23048 2117 63535
308750 23048 2117 63535
309000 23048 2117 63535
309250 23048 2117 63535
309500 23048 2117 63535
309750 23048 2117 63535
310000 23048 2117 63535
310250 23048 2117 63535
310500 23048 2117 63535
310750 23048 2117 63535
311000 23048 2117 63535
311250 23048 2117 63535
311500 23048 2117 63535
311750 23048 2117 63535
312000 23048 2117 63535
312250 23048 2117 63535
312500 23048 2117 63535
312750 23048 2117 63535
313000 23048 2117 63535
313250 23048 2117 63535
313500 23048 2117 63535
313750 23048 2117 63535
314000 23048 2117 63535
314250 23048 2117 63535
314500 23048 2117 63535
314750 23048 2117 63535
315000 23048 2117 63535
315250 23048 2117 63535
315500 23048 2117 63535
315750 23048 2117 63535
316000 23048 2117 63535
316250 23323 2117 64535
316500 23505 2117 62535
316750 24304 2117 64535
317000 24737 2117 64535
317250 24908 2117 64535
317500 24908 2117 64535
317750 24908 2117 64535
318000 24908 2117 64535
318250 24908 2117 64535
318500 24908 2117 64535
318750 24908 2117 64535
319000 24908 2117 64535
319250 24908 2117 64535
319500 24908 2117 64535
319750 24908 2117 64535
320000 24908 2117 64535
320250 24908 2117 64535
320500 24908 2117 64535
320750 24908 2117 64535
321000 24908 2117 64535
321250 24908 2117 64535
321500 24908 2117 64535
321750 24908 2117 64535
322000 24908 2117 64535
322250 24908 2117 64535
322500 24908 2117 64535
322750 24908 2117 64535
323000 24908 2117 64535
323250 24908 2117 64535
323500 24908 2117 64535
323750 24908 2117 64535
324000 24908 2117 64535
324250 24908 2117 64535
324500 25078 2117 63535
324750 27139 12539 63535
325000 27139 12539 63535
325250 31519 12539 65535
325500 35899 12539 65535
325750 38819 12539 65535
326000 43199 12539 65535
326250 43199 12539 65535
326500 43199 12539 65535
326750 43199 12539 65535
327000 43199 12539 65535
327250 43199 12539 65535
327500 43199 12539 65535
327750 43199 12539 65535
328000 43199 12539 65535
328250 43199 12539 65535
328500 43199 12539 65535
328750 43199 12539 65535
329000 43199 12539 65535
329250 43199 12539 65535
329500 43199 12539 65535
329750 43199 12539 65535
330000 43199 12539 65535
330250 43199 12539 65535
330500 43199 12539 65535
330750 43199 12539 65535
331000 43199 12539 65535
331250 43199 12539 65535
331500 43199 12539 65535
331750 43199 12539 65535
332000 43199 12539 65535
332250 43199 12539 65535
332500 43199 12539 65535
332750 43199 12539 65535
333000 43199 12539 65535
333250 43199 12539 65535
333500 43199 12539 65535
333750 43199 12539 65535
334000 43199 12539 65535
334250 43199 12539 65535
334500 43199 12539 65535
334750 43199 12539 65535
335000 43199 12539 65535
335250 43199 12539 65535
335500 43199 12539 65535
335750 43199 12539 65535
336000 43199 12539 65535
336250 43199 12539 65535
336500 12539 12539 41535
336750 12539 12539 41535
337000 12539 12539 41535
337250 12539 12539 41535
337500 12539 12539 41535
337750 12539 12539 41535
338000 12539 12539 41535
338250 12539 12539 41535
338500 12539 12539 41535
338750 12539 12539 41535
339000 12539 12539 41535
339250 12539 12539 41535
339500 12539 12539 41535
339750 12539 12539 41535
340000 12539 12539 41535
340250 12539 12539 41535
340500 12539 12539 41535
340750 12539 12539 41535
341000 12539 12539 41535
341250 12539 12539 41535
341500 12539 12539 41535
341750 12539 12539 41535
342000 12539 12539 41535
342250 12539 12539 41535
342500 12539 12539 41535
342750 12539 12539 41535
343000 12539 12539 41535
343250 12539 12539 41535
343500 12539 12539 41535
343750 12539 12539 41535
344000 12539 12539 41535
344250 12539 12539 41535
344500 12539 12539 41535
344750 12539 12539 41535
345000 12539 12539 41535
345250 12539 12539 41535
345500 12539 12539 41535
345750 12539 12539 41535
346000 12539 12539 41535
346250 12539 12539 41535
346500 12539 12539 41535
346750 12539 12539 41535
347000 12539 12539 41535
347250 14440 12539 53535
347500 14440 12539 53535
347750 14440 12539 53535
348000 14440 12539 53535
348250 14440 12539 53535
348500 14440 12539 53535
348750 14440 12539 53535
349000 14440 12539 53535
349250 14440 12539 53535
349500 14440 12539 53535
349750 14440 12539 53535
350000 14440 12539 53535
350250 14440 12539 53535
350500 14440 12539 53535
350750 14440 12539 53535
351000 14440 12539 53535
351250 14440 12539 53535
351500 14440 12539 53535
351750 14440 12539 53535
352000 14440 12539 53535
352250 14440 12539 53535
352500 14440 12539 53535
352750 14440 12539 53535
353000 14440 12539 53535
353250 14440 12539 53535
353500 14440 12539 53535
353750 14440 12539 53535
354000 14440 12539 53535
354250 14440 12539 53535
354500 14440 12539 53535
354750 14440 12539 53535
355000 14440 12539 53535
355250 14440 12539 53535
355500 14440 12539 53535
355750 14440 12539 53535
356000 14440 12539 53535
356250 14440 12539 53535
356500 14440 12539 53535
356750 14440 12539 53535
357000 14440 12539 53535
357250 14440 12539 53535
357500 14440 12539 53535
357750 14440 12539 53535
358000 14440 12539 53535
358250 14440 12539 53535
358500 15020 12539 64535
358750 16248 12539 63535
359000 16248 12539 63535
359250 16248 12539 63535
359500 16248 12539 63535
359750 16248 12539 63535
360000 16248 12539 63535
360250 16248 12539 63535
360500 16248 12539 63535
360750 16248 12539 63535
361000 16248 12539 63535
361250 16248 12539 63535
361500 16248 12539 63535
361750 16248 12539 63535
362000 16248 12539 63535
362250 16248 12539 63535
362500 16248 12539 63535
362750 16248 12539 63535
363000 16248 12539 63535
363250 16248 12539 63535
363500 16248 12539 63535
363750 16248 12539 63535
364000 16248 12539 63535
364250 16248 12539 63535
364500 16248 12539 63535
364750 16248 12539 63535
365000 16248 12539 63535
365250 16248 12539 63535
365500 16248 12539 63535
365750 16248 12539 63535
366000 16248 12539 63535
366250 16248 12539 63535
366500 16248 12539 63535
366750 16248 12539 63535
367000 16248 12539 63535
367250 16248 12539 63535
367500 16248 12539 63535
367750 16248 12539 63535
368000 16248 12539 63535
368250 16248 12539 63535
368500 16248 12539 63535
368750 16248 12539 63535
369000 16248 12539 63535
369250 16248 12539 63535
369500 16248 12539 63535
369750 16248 12539 63535
370000 16379 12539 64535
370250 24249 8189 65535
370500 25709 8189 65535
370750 27169 8189 65535
371000 27169 8189 65535
371250 27169 8189 65535
371500 27169 8189 65535
371750 27169 8189 65535
372000 27169 8189 65535
372250 27169 8189 65535
372500 27169 8189 65535
372750 27169 8189 65535
373000 27169 8189 65535
373250 27169 8189 65535
373500 27169 8189 65535
373750 27169 8189 65535
374000 27169 8189 65535
374250 27169 8189 65535
374500 27169 8189 65535
374750 27169 8189 65535
375000 27169 8189 65535
375250 27169 8189 65535
375500 27169 8189 65535
375750 27169 8189 65535
376000 27169 8189 65535
376250 27169 8189 65535
376500 27169 8189 65535
376750 27169 8189 65535
377000 27169 8189 65535
377250 27169 8189 65535
377500 27169 8189 65535
377750 27169 8189 65535
378000 27169 8189 65535
378250 27169 8189 65535
378500 27169 8189 65535
378750 27169 8189 65535
379000 27169 8189 65535
379250 27169 8189 65535
379500 27169 8189 65535
379750 27169 8189 65535
380000 27169 8189 65535
380250 27169 8189 65535
380500 27169 8189 65535
380750 27169 8189 65535
381000 27169 8189 65535
381250 27169 8189 65535
381500 27169 8189 65535
381750 27169 8189 65535
382000 27169 8189 65535
382250 10289 8189 64535
382500 10289 8189 64535
382750 10289 8189 64535
383000 10289 8189 64535
383250 10289 8189 64535
383500 10289 8189 64535
383750 10289 8189 64535
384000 10289 8189 64535
384250 10289 8189 64535
384500 10289 8189 64535
384750 10289 8189 64535
385000 10289 8189 64535
385250 10289 8189 64535
385500 10289 8189 64535
385750 10289 8189 64535
386000 10289 8189 64535
386250 10289 8189 64535
386500 10289 8189 64535
386750 10289 8189 64535
387000 10289 8189 64535
387250 10289 8189 64535
387500 10289 8189 64535
387750 10289 8189 64535
388000 10289 8189 64535
388250 10289 8189 64535
388500 10289 8189 64535
388750 10289 8189 64535
389000 10289 8189 64535
389250 10289 8189 64535
389500 10289 8189 64535
389750 10289 8189 64535
390000 10289 8189 64535
390250 10289 8189 64535
390500 10289 8189 64535
390750 10289 8189 64535
391000 10289 8189 64535
391250 10289 8189 64535
391500 10289 8189 64535
391750 10289 8189 64535
392000 10289 8189 64535
392250 10289 8189 64535
392500 10289 8189 64535
392750 10289 8189 64535
393000 10289 8189 64535
393250 10496 8189 64535
393500 10699 8189 64535
393750 10699 8189 64535
394000 10898 8189 64535
394250 12020 8189 59535
394500 12020 8189 59535
394750 12020 8189 59535
395000 12020 8189 59535
395250 12020 8189 59535
395500 12020 8189 59535
395750 12020 8189 59535
396000 12020 8189 59535
396250 12020 8189 59535
396500 12020 8189 59535
396750 12020 8189 59535
397000 12020 8189 59535
397250 12020 8189 59535
397500 12020 8189 59535
397750 12020 8189 59535
398000 12020 8189 59535
398250 12020 8189 59535
398500 12020 8189 59535
398750 12020 8189 59535
399000 12020 8189 59535
399250 12020 8189 59535
399500 12020 8189 59535
399750 12020 8189 59535
400000 12020 8189 59535
400250 12020 8189 59535
400500 12020 8189 59535
400750 12020 8189 59535
401000 12020 8189 59535
401250 12020 8189 59535
401500 12020 8189 59535
401750 12020 8189 59535
402000 12020 8189 59535
402250 12020 8189 59535
402500 12020 8189 59535
402750 12020 8189 59535
403000 12020 8189 59535
403250 12020 8189 59535
403500 12020 8189 59535
403750 12020 8189 59535
404000 12020 8189 59535
404250 12020 8189 59535
404500 12020 8189 59535
404750 12020 8189 59535
405000 12020 8189 59535
405250 12020 8189 59535
405500 12020 8189 59535
405750 12020 8189 59535
406000 13368 8189 59535
406250 13368 8189 59535
406500 13368 8189 59535
406750 13368 8189 59535
407000 13368 8189 59535
407250 13368 8189 59535
407500 13368 8189 59535
407750 13368 8189 59535
408000 13368 8189 59535
408250 13368 8189 59535
408500 13368 8189 59535
408750 13368 8189 59535
409000 13368 8189 59535
409250 13368 8189 59535
409500 13368 8189 59535
409750 13368 8189 59535
410000 13368 8189 59535
410250 13368 8189 59535
410500 13368 8189 59535
410750 13368 8189 59535
411000 13368 8189 59535
411250 13368 8189 59535
411500 13368 8189 59535
411750 13368 8189 59535
412000 13368 8189 59535
412250 13368 8189 59535
412500 13368 8189 59535
412750 13368 8189 59535
413000 13368 8189 59535
413250 13368 8189 59535
413500 13368 8189 59535
413750 13368 8189 59535
414000 13368 8189 59535
414250 13368 8189 59535
414500 13368 8189 59535
414750 13368 8189 59535
415000 13368 8189 59535
415250 13368 8189 59535
415500 13368 8189 59535
415750 13368 8189 59535
416000 13368 8189 59535
416250 13368 8189 59535
416500 13368 8189 59535
416750 13368 8189 59535
417000 13368 8189 59535
417250 13368 8189 59535
417500 13368 8189 59535
417750 13368 8189 59535
418000 21284 6684 65535
418250 21284 6684 65535
418500 21284 6684 65535
418750 21284 6684 65535
419000 21284 6684 65535
419250 21284 6684 65535
419500 21284 6684 65535
419750 21284 6684 65535
420000 21284 6684 65535
420250 21284 6684 65535
420500 21284 6684 65535
420750 21284 6684 65535
421000 21284 6684 65535
421250 21284 6684 65535
421500 21284 6684 65535
421750 21284 6684 65535
422000 21284 6684 65535
422250 21284 6684 65535
422500 21284 6684 65535
422750 21284 6684 65535
423000 21284 6684 65535
423250 21284 6684 65535
423500 21284 6684 65535
423750 21284 6684 65535
424000 21284 6684 65535
424250 21284 6684 65535
424500 21284 6684 65535
424750 21284 6684 65535
425000 21284 6684 65535
425250 21284 6684 65535
425500 21284 6684 65535
425750 21284 6684 65535
426000 21284 6684 65535
426250 21284 6684 65535
426500 21284 6684 65535
426750 21284 6684 65535
427000 21284 6684 65535
427250 21284 6684 65535
427500 21284 6684 65535
427750 21284 6684 65535
428000 21284 6684 65535
428250 21284 6684 65535
428500 21284 6684 65535
428750 21284 6684 65535
429000 21284 6684 65535
429250 21284 6684 65535
429500 21284 6684 65535
429750 6684 6684 53535
430000 6684 6684 53535
430250 6684 6684 53535
430500 6684 6684 53535
430750 6684 6684 53535
431000 6684 6684 53535
431250 6684 6684 53535
431500 6684 6684 53535
431750 6684 6684 53535
432000 6684 6684 53535
432250 6684 6684 53535
432500 6684 6684 53535
432750 6684 6684 53535
433000 6684 6684 53535
433250 6684 6684 53535
433500 6684 6684 53535
433750 6684 6684 53535
434000 6684 6684 53535
434250 6684 6684 53535
434500 6684 6684 53535
434750 6684 6684 53535
435000 6684 6684 53535
435250 6684 6684 53535
435500 6684 6684 53535
435750 6684 6684 53535
436000 6684 6684 53535
436250 6684 6684 53535
436500 6684 6684 53535
436750 6684 6684 53535
437000 6684 6684 53535
437250 6684 6684 53535
437500 6684 6684 53535
437750 6684 6684 53535
438000 6684 6684 53535
438250 6684 6684 53535
438500 6684 6684 53535
438750 6684 6684 53535
439000 6684 6684 53535
439250 6684 6684 53535
439500 6684 6684 53535
439750 6684 6684 53535
440000 7002 6684 64535
440250 8408 6684 61535
440500 8408 6684 61535
440750 8408 6684 61535
441000 8408 6684 61535
441250 8408 6684 61535
441500 8408 6684 61535
441750 8408 6684 61535
442000 8408 6684 61535
442250 8408 6684 61535
442500 8408 6684 61535
442750 8408 6684 61535
443000 8408 6684 61535
443250 8408 6684 61535
443500 8408 6684 61535
443750 8408 6684 61535
444000 8408 6684 61535
444250 8408 6684 61535
444500 8408 6684 61535
444750 8408 6684 61535
445000 8408 6684 61535
445250 8408 6684 61535
445500 8408 6684 61535
445750 8408 6684 61535
446000 8408 6684 61535
446250 8408 6684 61535
446500 8408 6684 61535
446750 8408 6684 61535
447000 8408 6684 61535
447250 8408 6684 61535
447500 8408 6684 61535
447750 8408 6684 61535
448000 8408 6684 61535
448250 8408 6684 61535
448500 8408 6684 61535
448750 8408 6684 61535
449000 8408 6684 61535
449250 8408 6684 61535
449500 8408 6684 61535
449750 8408 6684 61535
450000 8408 6684 61535
450250 8408 6684 61535
450500 8408 6684 61535
450750 8408 6684 61535
451000 8408 6684 61535
451250 8408 6684 61535
451500 8408 6684 61535
451750 8408 6684 61535
452000 8907 6684 64535
452250 8907 6684 64535
452500 9379 6684 64535
452750 10043 6684 60535
453000 10043 6684 60535
453250 10043 6684 60535
453500 10043 6684 60535
453750 10043 6684 60535
454000 10043 6684 60535
454250 10043 6684 60535
454500 10043 6684 60535
454750 10043 6684 60535
455000 10043 6684 60535
455250 10043 6684 60535
455500 10043 6684 60535
455750 10043 6684 60535
456000 10043 6684 60535
456250 10043 6684 60535
456500 10043 6684 60535
456750 10043 6684 60535
457000 10043 6684 60535
457250 10043 6684 60535
457500 10043 6684 60535
457750 10043 6684 60535
458000 10043 6684 60535
458250 10043 6684 60535
458500 10043 6684 60535
458750 10043 6684 60535
459000 10043 6684 60535
459250 10043 6684 60535
459500 10043 6684 60535
459750 10043 6684 60535
460000 10043 6684 60535
460250 10043 6684 60535
460500 10043 6684 60535
460750 10043 6684 60535
461000 10043 6684 60535
461250 10043 6684 60535
461500 10043 6684 60535
461750 10043 6684 60535
462000 10043 6684 60535
462250 10043 6684 60535
462500 10043 6684 60535
462750 10043 6684 60535
463000 10043 6684 60535
463250 10043 6684 60535
463500 10043 6684 60535
463750 10043 6684 60535
464000 10043 6684 60535
464250 10043 6684 60535
464500 10255 6684 64535
464750 10462 6684 64535
465000 11810 6684 57535
465250 11810 6684 57535
465500 11810 6684 57535
465750 11810 6684 57535
466000 11810 6684 57535
466250 11810 6684 57535
466500 11810 6684 57535
466750 11810 6684 57535
467000 11810 6684 57535
467250 11810 6684 57535
467500 11810 6684 57535
467750 11810 6684 57535
468000 11810 6684 57535
468250 11810 6684 57535
468500 11810 6684 57535
468750 11810 6684 57535
469000 11810 6684 57535
469250 11810 6684 57535
469500 11810 6684 57535
469750 11810 6684 57535
470000 11810 6684 57535
470250 11810 6684 57535
470500 11810 6684 57535
470750 11810 6684 57535
471000 11810 6684 57535
471250 11810 6684 57535
471500 11810 6684 57535
471750 11810 6684 57535
472000 11810 6684 57535
472250 11810 6684 57535
472500 11810 6684 57535
472750 11810 6684 57535
473000 11810 6684 57535
473250 11810 6684 57535
473500 11810 6684 57535
473750 11810 6684 57535
474000 11810 6684 57535
474250 11810 6684 57535
474500 11810 6684 57535
474750 11810 6684 57535
475000 11810 6684 57535
475250 11810 6684 57535
475500 11990 6684 64535
475750 11990 6684 64535
476000 11990 6684 64535
476250 11990 6684 64535
476500 11990 6684 64535
476750 11990 6684 64535
477000 11990 6684 64535
477250 11990 6684 64535
477500 11990 6684 64535
477750 11990 6684 64535
478000 11990 6684 64535
478250 11990 6684 64535
478500 11990 6684 64535
478750 11990 6684 64535
479000 11990 6684 64535
479250 11990 6684 64535
479500 11990 6684 64535
479750 11990 6684 64535
480000 11990 6684 64535
480250 11990 6684 64535
480500 11990 6684 64535
480750 11990 6684 64535
481000 11990 6684 64535
481250 11990 6684 64535
481500 11990 6684 64535
481750 11990 6684 64535
482000 11990 6684 64535
482250 11990 6684 64535
482500 11990 6684 64535
482750 11990 6684 64535
483000 11990 6684 64535
483250 11990 6684 64535
483500 11990 6684 64535
483750 11990 6684 64535
484000 11990 6684 64535
484250 11990 6684 64535
484500 11990 6684 64535
484750 11990 6684 64535
485000 11990 6684 64535
485250 11990 6684 64535
485500 11990 6684 64535
485750 11990 6684 64535
486000 11990 6684 64535
486250 11990 6684 64535
486500 11990 6684 64535
486750 11990 6684 64535
487000 11990 6684 64535
487250 11990 6684 64535
487500 12342 6684 63535
487750 12514 6684 63535
488000 12514 6684 63535
488250 13657 6684 58535
488500 13657 6684 58535
488750 13657 6684 58535
489000 13657 6684 58535
489250 13657 6684 58535
489500 13657 6684 58535
489750 13657 6684 58535
490000 13657 6684 58535
490250 13657 6684 58535
490500 13657 6684 58535
490750 13657 6684 58535
491000 13657 6684 58535
491250 13657 6684 58535
491500 13657 6684 58535
491750 13657 6684 58535
492000 13657 6684 58535
492250 13657 6684 58535
492500 13657 6684 58535
492750 13657 6684 58535
493000 13657 6684 58535
493250 13657 6684 58535
493500 13657 6684 58535
493750 13657 6684 58535
494000 13657 6684 58535
494250 13657 6684 58535
494500 13657 6684 58535
494750 13657 6684 58535
495000 13657 6684 58535
495250 13657 6684 58535
495500 13657 6684 58535
495750 13657 6684 58535
496000 13657 6684 58535
496250 13657 6684 58535
496500 13657 6684 58535
496750 13657 6684 58535
497000 13657 6684 58535
497250 13657 6684 58535
497500 13657 6684 58535
497750 13657 6684 58535
498000 13657 6684 58535
498250 13657 6684 58535
498500 13967 6684 64535
498750 13967 6684 64535
499000 13967 6684 64535
499250 13967 6684 64535
499500 13967 6684 64535
499750 13967 6684 64535
500000 13967 6684 64535
500250 13967 6684 64535
500500 13967 6684 64535
500750 13967 6684 64535
501000 13967 6684 64535
501250 13967 6684 64535
501500 13967 6684 64535
501750 13967 6684 64535
502000 13967 6684 64535
502250 13967 6684 64535
502500 13967 6684 64535
502750 13967 6684 64535
503000 13967 6684 64535
503250 13967 6684 64535
503500 13967 6684 64535
503750 13967 6684 64535
504000 13967 6684 64535
504250 13967 6684 64535
504500 13967 6684 64535
504750 13967 6684 64535
505000 13967 6684 64535
505250 13967 6684 64535
505500 13967 6684 64535
505750 13967 6684 64535
506000 13967 6684 64535
506250 13967 6684 64535
506500 13967 6684 64535
506750 13967 6684 64535
507000 13967 6684 64535
507250 13967 6684 64535
507500 13967 6684 64535
507750 13967 6684 64535
508000 13967 6684 64535
508250 13967 6684 64535
508500 13967 6684 64535
508750 13967 6684 64535
509000 14119 6684 64535
509250 15829 6684 53535
509500 15829 6684 53535
509750 15829 6684 53535
510000 15829 6684 53535
510250 15829 6684 53535
510500 15829 6684 53535
510750 15829 6684 53535
511000 15829 6684 53535
511250 15829 6684 53535
511500 15829 6684 53535
511750 15829 6684 53535
512000 15829 6684 53535
512250 15829 6684 53535
512500 15829 6684 53535
512750 15829 6684 53535
513000 15829 6684 53535
513250 15829 6684 53535
513500 15829 6684 53535
513750 15829 6684 53535
514000 15829 6684 53535
514250 15829 6684 53535
514500 15829 6684 53535
514750 15829 6684 53535
515000 15829 6684 53535
515250 15829 6684 53535
515500 15829 6684 53535
515750 15829 6684 53535
516000 15829 6684 53535
516250 15829 6684 53535
516500 15829 6684 53535
516750 15829 6684 53535
517000 15829 6684 53535
517250 15829 6684 53535
517500 15829 6684 53535
517750 15829 6684 53535
518000 15829 6684 53535
518250 15829 6684 53535
518500 15829 6684 53535
518750 15829 6684 53535
519000 15829 6684 53535
519250 15829 6684 53535
519500 15829 6684 53535
519750 15829 6684 53535
520000 15829 6684 53535
520250 15829 6684 53535
520500 15829 6684 53535
520750 16228 6684 63535
521000 17124 6684 55535
521250 17371 6684 54535
521500 17735 6684 50535
521750 17735 6684 50535
522000 17735 6684 50535
522250 17735 6684 50535
522500 17735 6684 50535
522750 17735 6684 50535
523000 17735 6684 50535
523250 17735 6684 50535
523500 17735 6684 50535
523750 17735 6684 50535
524000 17735 6684 50535
524250 17735 6684 50535
524500 17735 6684 50535
524750 17735 6684 50535
525000 17735 6684 50535
525250 17735 6684 50535
525500 17735 6684 50535
525750 17735 6684 50535
526000 17735 6684 50535
526250 17735 6684 50535
526500 17735 6684 50535
526750 17735 6684 50535
527000 17735 6684 50535
527250 17735 6684 50535
527500 17735 6684 50535
527750 17735 6684 50535
528000 17735 6684 50535
528250 17735 6684 50535
528500 17735 6684 50535
528750 17735 6684 50535
529000 17735 6684 50535
529250 17735 6684 50535
529500 17735 6684 50535
529750 17735 6684 50535
530000 17735 6684 50535
530250 17735 6684 50535
530500 17735 6684 50535
530750 17735 6684 50535
531000 17735 6684 50535
531250 17735 6684 50535
531500 17735 6684 50535
531750 17855 6684 64535
532000 16227 8927 65535
532250 16227 8927 65535
532500 16227 8927 65535
532750 17687 8927 65535
533000 26447 8927 65535
533250 29367 8927 65535
533500 29367 8927 65535
533750 29367 8927 65535
534000 29367 8927 65535
534250 29367 8927 65535
534500 29367 8927 65535
534750 29367 8927 65535
535000 29367 8927 65535
535250 29367 8927 65535
535500 29367 8927 65535
535750 29367 8927 65535
536000 29367 8927 65535
536250 29367 8927 65535
536500 29367 8927 65535
536750 29367 8927 65535
537000 29367 8927 65535
537250 29367 8927 65535
537500 29367 8927 65535
537750 29367 8927 65535
538000 29367 8927 65535
538250 29367 8927 65535
538500 29367 8927 65535
538750 29367 8927 65535
539000 29367 8927 65535
539250 29367 8927 65535
539500 29367 8927 65535
539750 29367 8927 65535
540000 29367 8927 65535
540250 29367 8927 65535
540500 29367 8927 65535
540750 29367 8927 65535
541000 29367 8927 65535
541250 29367 8927 65535
541500 29367 8927 65535
541750 29367 8927 65535
542000 29367 8927 65535
542250 29367 8927 65535
542500 29367 8927 65535
542750 29367 8927 65535
543000 29367 8927 65535
543250 29367 8927 65535
543500 29367 8927 65535
543750 29367 8927 65535
544000 29367 8927 65535
544250 29367 8927 65535
544500 29367 8927 65535
544750 29367 8927 65535
545000 29367 8927 65535
545250 32287 8927 63535
545500 32287 8927 63535
545750 32287 8927 63535
546000 32287 8927 63535
546250 32287 8927 63535
546500 32287 8927 63535
546750 32287 8927 63535
547000 32287 8927 63535
547250 32287 8927 63535
547500 32287 8927 63535
547750 32287 8927 63535
548000 32287 8927 63535
548250 32287 8927 63535
548500 32287 8927 63535
548750 32287 8927 63535
549000 32287 8927 63535
549250 32287 8927 63535
549500 32287 8927 63535
549750 32287 8927 63535
550000 32287 8927 63535
550250 32287 8927 63535
550500 32287 8927 63535
550750 32287 8927 63535
551000 32287 8927 63535
551250 32287 8927 63535
551500 32287 8927 63535
551750 32287 8927 63535
552000 32287 8927 63535
552250 32287 8927 63535
552500 32287 8927 63535
552750 32287 8927 63535
553000 32287 8927 63535
553250 32287 8927 63535
553500 32287 8927 63535
553750 32287 8927 63535
554000 32287 8927 63535
554250 32287 8927 63535
554500 32287 8927 63535
554750 32287 8927 63535
555000 32287 8927 63535
555250 32287 8927 63535
555500 32287 8927 63535
555750 32287 8927 63535
556000 8927 8927 63535
556250 8927 8927 63535
556500 8927 8927 50535
556750 8927 8927 50535
557000 8927 8927 50535
557250 8927 8927 50535
557500 8927 8927 50535
557750 8927 8927 50535
558000 8927 8927 50535
558250 8927 8927 50535
558500 8927 8927 50535
558750 8927 8927 50535
559000 8927 8927 50535
559250 8927 8927 50535
559500 8927 8927 50535
559750 8927 8927 50535
560000 8927 8927 50535
560250 8927 8927 50535
560500 8927 8927 50535
560750 8927 8927 50535
561000 8927 8927 50535
561250 8927 8927 50535
561500 8927 8927 50535
561750 8927 8927 50535
562000 8927 8927 50535
562250 8927 8927 50535
562500 8927 8927 50535
562750 8927 8927 50535
563000 8927 8927 50535
563250 8927 8927 50535
563500 8927 8927 50535
563750 8927 8927 50535
564000 8927 8927 50535
564250 8927 8927 50535
564500 8927 8927 50535
564750 8927 8927 50535
565000 8927 8927 50535
565250 8927 8927 50535
565500 8927 8927 50535
565750 8927 8927 50535
566000 8927 8927 50535
566250 8927 8927 50535
566500 8927 8927 50535
566750 8927 8927 50535
567000 8927 8927 50535
567250 8927 8927 50535
567500 8927 8927 50535
567750 8927 8927 50535
568000 8927 8927 50535
568250 8927 8927 50535
568500 8927 8927 50535
568750 8927 8927 50535
569000 8927 8927 50535
569250 9165 8927 50535
569500 10681 8927 57535
569750 10681 8927 57535
570000 10681 8927 57535
570250 10681 8927 57535
570500 10681 8927 57535
570750 10681 8927 57535
571000 10681 8927 57535
571250 10681 8927 57535
571500 10681 8927 57535
571750 10681 8927 57535
572000 10681 8927 57535
572250 10681 8927 57535
572500 10681 8927 57535
572750 10681 8927 57535
573000 10681 8927 57535
573250 10681 8927 57535
573500 10681 8927 57535
573750 10681 8927 57535
574000 10681 8927 57535
574250 10681 8927 57535
574500 10681 8927 57535
574750 10681 8927 57535
575000 10681 8927 57535
575250 10681 8927 57535
575500 10681 8927 57535
575750 10681 8927 57535
576000 10681 8927 57535
576250 10681 8927 57535
576500 10681 8927 57535
576750 10681 8927 57535
577000 10681 8927 57535
577250 10681 8927 57535
577500 10681 8927 57535
577750 10681 8927 57535
578000 10681 8927 57535
578250 10681 8927 57535
578500 10681 8927 57535
578750 10681 8927 57535
579000 10681 8927 57535
579250 10681 8927 57535
579500 10681 8927 57535
579750 10681 8927 57535
580000 10681 8927 57535
580250 10681 8927 57535
580500 10681 8927 57535
580750 10681 8927 57535
581000 10681 8927 57535
581250 10681 8927 57535
581500 10681 8927 57535
581750 11075 8927 64535
582000 12528 8927 55535
582250 12528 8927 55535
582500 12528 8927 55535
582750 12528 8927 55535
583000 12528 8927 55535
583250 12528 8927 55535
583500 12528 8927 55535
583750 12528 8927 55535
584000 12528 8927 55535
584250 12528 8927 55535
584500 12528 8927 55535
584750 12528 8927 55535
585000 12528 8927 55535
585250 12528 8927 55535
585500 12528 8927 55535
585750 12528 8927 55535
586000 12528 8927 55535
586250 12528 8927 55535
586500 12528 8927 55535
586750 12528 8927 55535
587000 12528 8927 55535
587250 12528 8927 55535
587500 12528 8927 55535
587750 12528 8927 55535
588000 12528 8927 55535
588250 12528 8927 55535
588500 12528 8927 55535
588750 12528 8927 55535
589000 12528 8927 55535
589250 12528 8927 55535
589500 12528 8927 55535
589750 12528 8927 55535
590000 12528 8927 55535
590250 12528 8927 55535
590500 12528 8927 55535
590750 12528 8927 55535
591000 12528 8927 55535
591250 12528 8927 55535
591500 12528 8927 55535
591750 12528 8927 55535
592000 12528 8927 55535
592250 12528 8927 55535
592500 12528 8927 55535
592750 12528 8927 55535
593000 12528 8927 55535
593250 12528 8927 55535
593500 12528 8927 55535
593750 12528 8927 55535
594000 12528 8927 55535
594250 14281 8927 53535
594500 14281 8927 53535
594750 14281 8927 53535
595000 14281 8927 53535
595250 14281 8927 53535
595500 14281 8927 53535
595750 14281 8927 53535
596000 14281 8927 53535
596250 14281 8927 53535
596500 14281 8927 53535
596750 14281 8927 53535
597000 14281 8927 53535
597250 14281 8927 53535
597500 14281 8927 53535
597750 14281 8927 53535
598000 14281 8927 53535
598250 14281 8927 53535
598500 14281 8927 53535
598750 14281 8927 53535
599000 14281 8927 53535
599250 14281 8927 53535
599500 14281 8927 53535
599750 14281 8927 53535
600000 14281 8927 53535
600250 14281 8927 53535
600500 14281 8927 53535
600750 14281 8927 53535
601000 14281 8927 53535
601250 14281 8927 53535
601500 14281 8927 53535
601750 14281 8927 53535
602000 14281 8927 53535
602250 14281 8927 53535
602500 14281 8927 53535
602750 14281 8927 53535
603000 14281 8927 53535
603250 14281 8927 53535
603500 14281 8927 53535
603750 14281 8927 53535
604000 14281 8927 53535
604250 14281 8927 53535
604500 14281 8927 53535
604750 14281 8927 53535
605000 14281 8927 53535
605250 14281 8927 53535
605500 14281 8927 53535
605750 14281 8927 53535
606000 14281 8927 53535
606250 14281 8927 53535
606500 14430 8927 53535
606750 14430 8927 53535
607000 15705 8927 56535
607250 15705 8927 55535
607500 15705 8927 55535
607750 15705 8927 55535
608000 15705 8927 55535
608250 15705 8927 55535
608500 15705 8927 55535
608750 15705 8927 55535
609000 15705 8927 55535
609250 15705 8927 55535
609500 15705 8927 55535
609750 15705 8927 55535
610000 15705 8927 55535
610250 15705 8927 55535
610500 15705 8927 55535
610750 15705 8927 55535
611000 15705 8927 55535
611250 15705 8927 55535
611500 15705 8927 55535
611750 15705 8927 55535
612000 15705 8927 55535
612250 15705 8927 55535
612500 15705 8927 55535
612750 15705 8927 55535
613000 15705 8927 55535
613250 15705 8927 55535
613500 15705 8927 55535
613750 15705 8927 55535
614000 15705 8927 55535
614250 15705 8927 55535
614500 15705 8927 55535
614750 15705 8927 55535
615000 15705 8927 55535
615250 15705 8927 55535
615500 15705 8927 55535
615750 15705 8927 55535
616000 15705 8927 55535
616250 15705 8927 55535
616500 15705 8927 55535
616750 15705 8927 55535
617000 15705 8927 55535
617250 15705 8927 55535
617500 15705 8927 55535
617750 15705 8927 55535
618000 15705 8927 55535
618250 15705 8927 55535
618500 15705 8927 55535
618750 15705 8927 55535
619000 15705 8927 55535
619250 15705 8927 55535
619500 15705 8927 55535
619750 15705 8927 55535
620000 15705 8927 55535
620250 28292 7852 65535
620500 28292 7852 65535
620750 28292 7852 65535
621000 28292 7852 65535
621250 28292 7852 65535
621500 28292 7852 65535
621750 28292 7852 65535
622000 28292 7852 65535
622250 28292 7852 65535
622500 28292 7852 65535
622750 28292 7852 65535
623000 28292 7852 65535
623250 28292 7852 65535
623500 28292 7852 65535
623750 28292 7852 65535
624000 28292 7852 65535
624250 28292 7852 65535
624500 28292 7852 65535
624750 28292 7852 65535
625000 28292 7852 65535
625250 28292 7852 65535
625500 28292 7852 65535
625750 28292 7852 65535
626000 28292 7852 65535
626250 28292 7852 65535
626500 28292 7852 65535
626750 28292 7852 65535
627000 28292 7852 65535
627250 28292 7852 65535
627500 28292 7852 65535
627750 28292 7852 65535
628000 28292 7852 65535
628250 28292 7852 65535
628500 28292 7852 65535
628750 28292 7852 65535
629000 28292 7852 65535
629250 28292 7852 65535
629500 28292 7852 65535
629750 28292 7852 65535
630000 28292 7852 65535
630250 28292 7852 65535
630500 28292 7852 65535
630750 28292 7852 65535
631000 28292 7852 65535
631250 28292 7852 65535
631500 28292 7852 65535
631750 28292 7852 65535
632000 28292 7852 65535
632250 28292 7852 65535
632500 28292 7852 65535
632750 28292 7852 65535
633000 28292 7852 65535
633250 7852 7852 50535
633500 7852 7852 50535
633750 7852 7852 50535
634000 7852 7852 50535
634250 7852 7852 50535
634500 7852 7852 50535
634750 7852 7852 50535
635000 7852 7852 50535
635250 7852 7852 50535
635500 7852 7852 50535
635750 7852 7852 50535
636000 7852 7852 50535
636250 7852 7852 50535
636500 7852 7852 50535
636750 7852 7852 50535
637000 7852 7852 50535
637250 7852 7852 50535
637500 7852 7852 50535
637750 7852 7852 50535
638000 7852 7852 50535
638250 7852 7852 50535
638500 7852 7852 50535
638750 7852 7852 50535
639000 7852 7852 50535
639250 7852 7852 50535
639500 7852 7852 50535
639750 7852 7852 50535
640000 7852 7852 50535
640250 7852 7852 50535
640500 7852 7852 50535
640750 7852 7852 50535
641000 7852 7852 50535
641250 7852 7852 50535
641500 7852 7852 50535
641750 7852 7852 50535
642000 7852 7852 50535
642250 7852 7852 50535
642500 8123 7852 50535
642750 9584 7852 58535
643000 9584 7852 58535
643250 9584 7852 58535
643500 9584 7852 58535
643750 9584 7852 58535
644000 9584 7852 58535
644250 9584 7852 58535
644500 9584 7852 58535
644750 9584 7852 58535
645000 9584 7852 58535
645250 9584 7852 58535
645500 9584 7852 58535
645750 9584 7852 58535
646000 9584 7852 58535
646250 9584 7852 58535
646500 9584 7852 58535
646750 9584 7852 58535
647000 9584 7852 58535
647250 9584 7852 58535
647500 9584 7852 58535
647750 9584 7852 58535
648000 9584 7852 58535
648250 9584 7852 58535
648500 9584 7852 58535
648750 9584 7852 58535
649000 9584 7852 58535
649250 9584 7852 58535
649500 9584 7852 58535
649750 9584 7852 58535
650000 9584 7852 58535
650250 9584 7852 58535
650500 9584 7852 58535
650750 9584 7852 58535
651000 9584 7852 58535
651250 9584 7852 58535
651500 9584 7852 58535
651750 9584 7852 58535
652000 9584 7852 58535
652250 9584 7852 58535
652500 9806 7852 58535
652750 11425 7852 58535
653000 11425 7852 58535
653250 11425 7852 58535
653500 11425 7852 58535
653750 11425 7852 58535
654000 11425 7852 58535
654250 11425 7852 58535
654500 11425 7852 58535
654750 11425 7852 58535
655000 11425 7852 58535
655250 11425 7852 58535
655500 11425 7852 58535
655750 11425 7852 58535
656000 11425 7852 58535
656250 11425 7852 58535
656500 11425 7852 58535
656750 11425 7852 58535
657000 11425 7852 58535
657250 11425 7852 58535
657500 11425 7852 58535
657750 11425 7852 58535
658000 11425 7852 58535
658250 11425 7852 58535
658500 11425 7852 58535
658750 11425 7852 58535
659000 11425 7852 58535
659250 11425 7852 58535
659500 11425 7852 58535
659750 11425 7852 58535
660000 11425 7852 58535
660250 11425 7852 58535
660500 11425 7852 58535
660750 11425 7852 58535
661000 11425 7852 58535
661250 11425 7852 58535
661500 11425 7852 58535
661750 11425 7852 58535
662000 11425 7852 58535
662250 11425 7852 58535
662500 11425 7852 58535
662750 11425 7852 58535
663000 11425 7852 58535
663250 11425 7852 58535
663500 11425 7852 58535
663750 11425 7852 58535
664000 11425 7852 58535
664250 11425 7852 58535
664500 11425 7852 58535
664750 11425 7852 58535
665000 11425 7852 58535
665250 11425 7852 58535
665500 12327 7852 61535
665750 13166 7852 56535
666000 13166 7852 56535
666250 13166 7852 56535
666500 13166 7852 56535
666750 13166 7852 56535
667000 13166 7852 56535
667250 13166 7852 56535
667500 13166 7852 56535
667750 13166 7852 56535
668000 13166 7852 56535
668250 13166 7852 56535
668500 13166 7852 56535
668750 13166 7852 56535
669000 13166 7852 56535
669250 13166 7852 56535
669500 13166 7852 56535
669750 13166 7852 56535
670000 13166 7852 56535
670250 13166 7852 56535
670500 13166 7852 56535
670750 13166 7852 56535
671000 13166 7852 56535
671250 13166 7852 56535
671500 13166 7852 56535
671750 13166 7852 56535
672000 13166 7852 56535
672250 13166 7852 56535
672500 13166 7852 56535
672750 13166 7852 56535
673000 13166 7852 56535
673250 13166 7852 56535
673500 13166 7852 56535
673750 13166 7852 56535
674000 13166 7852 56535
674250 13166 7852 56535
674500 13166 7852 56535
674750 13166 7852 56535
675000 13166 7852 56535
675250 13166 7852 56535
675500 13166 7852 56535
675750 13166 7852 56535
676000 13166 7852 56535
676250 13166 7852 56535
676500 13166 7852 56535
676750 13166 7852 56535
677000 13166 7852 56535
677250 13166 7852 56535
677500 13166 7852 56535
677750 13166 7852 56535
678000 13166 7852 56535
678250 13166 7852 56535
678500 13166 7852 56535
678750 13166 7852 56535
679000 13800 7852 64535
679250 14257 7852 61535
679500 12968 7128 61535
679750 12968 7128 61535
680000 12968 7128 61535
680250 12968 7128 61535
680500 12968 7128 61535
680750 12968 7128 61535
681000 12968 7128 61535
681250 12968 7128 61535
681500 12968 7128 61535
681750 12968 7128 61535
682000 12968 7128 61535
682250 12968 7128 61535
682500 12968 7128 61535
682750 12968 7128 61535
683000 12968 7128 61535
683250 12968 7128 61535
683500 12968 7128 61535
683750 12968 7128 61535
684000 12968 7128 61535
684250 12968 7128 61535
684500 12968 7128 61535
684750 12968 7128 61535
685000 12968 7128 61535
685250 12968 7128 61535
685500 12968 7128 61535
685750 12968 7128 61535
686000 12968 7128 61535
686250 12968 7128 61535
686500 12968 7128 61535
686750 12968 7128 61535
687000 12968 7128 61535
687250 12968 7128 61535
687500 12968 7128 61535
687750 12968 7128 61535
688000 12968 7128 61535
688250 12968 7128 61535
688500 12968 7128 61535
688750 12968 7128 61535
689000 12968 7128 61535
689250 12968 7128 61535
689500 12968 7128 61535
689750 12968 7128 61535
690000 12968 7128 61535
690250 12968 7128 61535
690500 12968 7128 61535
690750 12968 7128 61535
691000 12968 7128 61535
691250 12968 7128 61535
691500 12968 7128 61535
691750 12968 7128 61535
692000 12968 7128 61535
692250 12968 7128 61535
692500 12968 7128 61535
692750 12968 7128 61535
693000 7128 7128 53535
693250 7128 7128 53535
693500 7128 7128 53535
693750 7128 7128 53535
694000 7128 7128 53535
694250 7128 7128 53535
694500 7128 7128 53535
694750 7128 7128 53535
695000 7128 7128 53535
695250 7128 7128 53535
695500 7128 7128 53535
695750 7128 7128 53535
696000 7128 7128 53535
696250 7128 7128 53535
696500 7128 7128 53535
696750 7128 7128 53535
697000 7128 7128 53535
697250 7128 7128 53535
697500 7128 7128 53535
697750 7128 7128 53535
698000 7128 7128 53535
698250 7128 7128 53535
698500 7128 7128 53535
698750 7128 7128 53535
699000 7128 7128 53535
699250 7128 7128 53535
699500 7128 7128 53535
699750 7128 7128 53535
700000 7128 7128 53535
700250 7128 7128 53535
700500 7128 7128 53535
700750 7128 7128 53535
701000 8764 7128 59535
701250 8764 7128 59535
701500 8764 7128 59535
701750 8764 7128 59535
702000 8764 7128 59535
702250 8764 7128 59535
702500 8764 7128 59535
702750 10576 4736 65535
703000 10576 4736 65535
703250 10576 4736 65535
703500 10576 4736 65535
703750 10576 4736 65535
704000 10576 4736 65535
704250 10576 4736 65535
704500 10576 4736 65535
704750 10576 4736 65535
705000 10576 4736 65535
705250 10576 4736 65535
705500 10576 4736 65535
705750 10576 4736 65535
706000 10576 4736 65535
706250 10576 4736 65535
706500 10576 4736 65535
706750 10576 4736 65535
707000 10576 4736 65535
707250 10576 4736 65535
707500 10576 4736 65535
707750 10576 4736 65535
708000 10576 4736 65535
708250 10576 4736 65535
708500 10576 4736 65535
708750 10576 4736 65535
709000 4736 4736 65535
709250 5186 4736 60535
709500 5977 4736 57535
709750 5977 4736 57535
710000 5977 4736 57535
710250 5977 4736 57535
710500 5977 4736 57535
710750 5977 4736 57535
711000 5977 4736 57535
711250 5977 4736 57535
711500 5977 4736 57535
711750 5977 4736 57535
712000 5977 4736 57535
712250 5977 4736 57535
712500 5977 4736 57535
712750 5977 4736 57535
713000 5977 4736 57535
713250 5977 4736 57535
713500 5977 4736 57535
713750 5977 4736 57535
714000 5977 4736 57535
714250 5977 4736 57535
714500 5977 4736 57535
714750 5977 4736 57535
715000 5977 4736 57535
715250 5977 4736 57535
715500 5977 4736 57535
715750 5977 4736 57535
716000 5977 4736 57535
716250 5977 4736 57535
716500 5977 4736 57535
716750 5977 4736 57535
717000 5977 4736 57535
717250 5977 4736 57535
717500 5977 4736 57535
717750 5977 4736 57535
718000 5977 4736 57535
718250 5977 4736 57535
718500 5977 4736 57535
718750 5977 4736 57535
719000 5977 4736 57535
719250 5977 4736 57535
719500 5977 4736 57535
719750 5977 4736 57535
720000 5977 4736 57535
720250 5977 4736 57535
720500 5977 4736 57535
720750 5977 4736 57535
721000 5977 4736 57535
721250 5977 4736 57535
721500 5977 4736 57535
721750 5977 4736 57535
722000 5977 4736 57535
722250 5977 4736 57535
722500 5977 4736 57535
722750 5977 4736 57535
723000 5977 4736 57535
723250 5977 4736 57535
723500 5977 4736 57535
723750 5977 4736 57535
724000 5977 4736 57535
724250 5977 4736 57535
724500 5977 4736 57535
724750 5977 4736 57535
725000 5977 4736 57535
725250 5977 4736 57535
725500 5977 4736 57535
725750 5977 4736 57535
726000 5977 4736 57535
726250 5977 4736 57535
726500 5977 4736 57535
726750 5977 4736 57535
727000 5977 4736 57535
727250 5977 4736 57535
727500 5977 4736 57535
727750 5977 4736 57535
728000 5977 4736 57535
728250 5977 4736 57535
728500 5977 4736 57535
728750 5977 4736 57535
729000 5977 4736 57535
729250 5977 4736 57535
729500 5977 4736 57535
729750 5977 4736 57535
730000 5977 4736 57535
730250 5977 4736 57535
730500 5977 4736 57535
730750 5977 4736 57535
731000 5977 4736 57535
731250 5977 4736 57535
731500 5977 4736 57535
731750 5977 4736 57535
732000 5977 4736 57535
732250 5977 4736 57535
732500 5977 4736 57535
732750 5977 4736 57535
733000 5977 4736 57535
733250 5977 4736 57535
733500 5977 4736 57535
733750 5977 4736 57535
734000 5977 4736 57535
734250 5977 4736 57535
734500 5977 4736 57535
734750 5977 4736 57535
735000 5977 4736 57535
735250 5977 4736 57535
735500 5977 4736 57535
735750 5977 4736 57535
736000 5977 4736 57535
736250 5977 4736 57535
736500 5977 4736 57535
736750 5977 4736 57535
737000 5977 4736 57535
737250 5977 4736 57535
737500 5977 4736 57535
737750 5977 4736 57535
738000 5977 4736 57535
738250 5977 4736 57535
738500 5977 4736 57535
738750 5977 4736 57535
739000 5977 4736 57535
739250 5977 4736 57535
739500 5977 4736 57535
739750 5977 4736 57535
740000 5977 4736 57535
740250 5977 4736 57535
740500 5977 4736 57535
740750 5977 4736 57535
741000 5977 4736 57535
741250 5977 4736 57535
741500 5977 4736 57535
741750 5977 4736 57535
742000 5977 4736 57535
742250 5977 4736 57535
742500 5977 4736 57535
742750 5977 4736 57535
743000 5977 4736 57535
743250 5977 4736 57535
743500 5977 4736 57535
743750 5977 4736 57535
744000 5977 4736 57535
744250 5977 4736 57535
744500 5977 4736 57535
744750 5977 4736 57535
745000 5977 4736 57535
745250 5977 4736 57535
745500 5977 4736 57535
745750 5977 4736 57535
746000 5977 4736 57535
746250 5977 4736 57535
746500 5977 4736 57535
746750 5977 4736 57535
747000 5977 4736 57535
747250 5977 4736 57535
747500 5977 4736 57535
747750 5977 4736 57535
748000 5977 4736 57535
748250 5977 4736 57535
748500 5977 4736 57535
748750 5977 4736 57535
749000 5977 4736 57535
749250 5977 4736 57535
749500 5977 4736 57535
749750 5977 4736 57535
750000 5977 4736 57535
750250 5977 4736 57535
750500 5977 4736 57535
750750 5977 4736 57535
751000 5977 4736 57535
751250 5977 4736 57535
751500 5977 4736 57535
751750 5977 4736 57535
752000 5977 4736 57535
752250 5977 4736 57535
752500 5977 4736 57535
752750 5977 4736 57535
753000 5977 4736 57535
753250 5977 4736 57535
753500 5977 4736 57535
753750 5977 4736 57535
754000 5977 4736 57535
754250 5977 4736 57535
754500 5977 4736 57535
754750 5977 4736 57535
755000 5977 4736 57535
755250 5977 4736 57535
755500 5977 4736 57535
755750 5977 4736 57535
756000 5977 4736 57535
756250 5977 4736 57535
756500 5977 4736 57535
756750 5977 4736 57535
757000 5977 4736 57535
757250 5977 4736 57535
757500 5977 4736 57535
757750 5977 4736 57535
758000 5977 4736 57535
758250 5977 4736 57535
758500 5977 4736 57535
758750 5977 4736 57535
759000 5977 4736 57535
759250 5977 4736 57535
759500 5977 4736 57535
759750 5977 4736 57535
760000 5977 4736 57535
760250 5977 4736 57535
760500 5977 4736 57535
760750 5977 4736 57535
761000 5977 4736 57535
761250 5977 4736 57535
761500 5977 4736 57535
761750 5977 4736 57535
762000 5977 4736 57535
762250 5977 4736 57535
762500 5977 4736 57535
762750 5977 4736 57535
763000 5977 4736 57535
763250 5977 4736 57535
763500 5977 4736 57535
763750 5977 4736 57535
764000 5977 4736 57535
764250 5977 4736 57535
764500 5977 4736 57535
764750 5977 4736 57535
765000 5977 4736 57535
765250 5977 4736 57535
765500 5977 4736 57535
765750 5977 4736 57535
766000 5977 4736 57535
766250 5977 4736 57535
766500 5977 4736 57535
766750 5977 4736 57535
767000 5977 4736 57535
767250 5977 4736 57535
767500 5977 4736 57535
767750 5977 4736 57535
768000 5977 4736 57535
768250 5977 4736 57535
768500 5977 4736 57535
768750 5977 4736 57535
769000 5977 4736 57535
769250 5977 4736 57535
769500 5977 4736 57535
769750 5977 4736 57535
770000 5977 4736 57535
770250 5977 4736 57535
770500 5977 4736 57535
770750 5977 4736 57535
771000 5977 4736 57535
771250 5977 4736 57535
771500 5977 4736 57535
771750 5977 4736 57535
772000 5977 4736 57535
772250 5977 4736 57535
772500 5977 4736 57535
772750 5977 4736 57535
773000 5977 4736 57535
773250 5977 4736 57535
773500 5977 4736 57535
773750 5977 4736 57535
774000 5977 4736 57535
774250 5977 4736 57535
774500 5977 4736 57535
774750 5977 4736 57535
775000 5977 4736 57535
775250 5977 4736 57535
775500 5977 4736 57535
775750 5977 4736 57535
776000 5977 4736 57535
776250 5977 4736 57535
776500 5977 4736 57535
776750 5977 4736 57535
777000 5977 4736 57535
777250 5977 4736 57535
777500 5977 4736 57535
777750 5977 4736 57535
778000 5977 4736 57535
778250 5977 4736 57535
778500 5977 4736 57535
778750 5977 4736 57535
779000 5977 4736 57535
779250 5977 4736 57535
779500 5977 4736 57535
779750 5977 4736 57535
780000 5977 4736 57535
780250 5977 4736 57535
780500 5977 4736 57535
780750 5977 4736 57535
781000 5977 4736 57535
781250 5977 4736 57535
781500 5977 4736 57535
781750 5977 4736 57535
782000 5977 4736 57535
782250 5977 4736 57535
782500 5977 4736 57535
782750 5977 4736 57535
783000 5977 4736 57535
783250 5977 4736 57535
783500 5977 4736 57535
783750 5977 4736 57535
784000 5977 4736 57535
784250 5977 4736 57535
784500 5977 4736 57535
784750 5977 4736 57535
785000 5977 4736 57535
785250 5977 4736 57535
785500 5977 4736 57535
785750 5977 4736 57535
786000 5977 4736 57535
786250 5977 4736 57535
786500 5977 4736 57535
786750 5977 4736 57535
787000 5977 4736 57535
787250 5977 4736 57535
787500 5977 4736 57535
787750 5977 4736 57535
788000 5977 4736 57535
788250 5977 4736 57535
788500 5977 4736 57535
788750 5977 4736 57535
789000 5977 4736 57535
789250 5977 4736 57535
789500 5977 4736 57535
789750 5977 4736 57535
790000 5977 4736 57535
790250 5977 4736 57535
790500 5977 4736 57535
790750 5977 4736 57535
791000 5977 4736 57535
791250 5977 4736 57535
791500 5977 4736 57535
791750 5977 4736 57535
792000 5977 4736 57535
792250 5977 4736 57535
792500 5977 4736 57535
792750 5977 4736 57535
793000 5977 4736 57535
793250 5977 4736 57535
793500 5977 4736 57535
793750 5977 4736 57535
794000 5977 4736 57535
794250 5977 4736 57535
794500 5977 4736 57535
794750 5977 4736 57535
795000 5977 4736 57535
795250 5977 4736 57535
795500 5977 4736 57535
795750 5977 4736 57535
796000 5977 4736 57535
796250 5977 4736 57535
796500 5977 4736 57535
796750 5977 4736 57535
797000 5977 4736 57535
797250 5977 4736 57535
797500 5977 4736 57535
797750 5977 4736 57535
798000 5977 4736 57535
798250 5977 4736 57535
798500 5977 4736 57535
798750 5977 4736 57535
799000 5977 4736 57535
799250 5977 4736 57535
799500 5977 4736 57535
799750 5977 4736 57535
800000 5977 4736 57535
800250 5977 4736 57535
800500 5977 4736 57535
800750 5977 4736 57535
801000 5977 4736 57535
801250 5977 4736 57535
801500 5977 4736 57535
801750 5977 4736 57535
802000 5977 4736 57535
802250 5977 4736 57535
802500 5977 4736 57535
802750 5977 4736 57535
803000 5977 4736 57535
803250 5977 4736 57535
803500 5977 4736 57535
803750 5977 4736 57535
804000 5977 4736 57535
804250 5977 4736 57535
804500 5977 4736 57535
804750 5977 4736 57535
805000 5977 4736 57535
805250 5977 4736 57535
805500 5977 4736 57535
805750 5977 4736 57535
806000 5977 4736 57535
806250 5977 4736 57535
806500 5977 4736 57535
806750 5977 4736 57535
807000 5977 4736 57535
807250 5977 4736 57535
807500 5977 4736 57535
807750 5977 4736 57535
808000 5977 4736 57535
808250 5977 4736 57535
808500 5977 4736 57535
808750 5977 4736 57535
809000 5977 4736 57535
809250 5977 4736 57535
809500 5977 4736 57535
809750 5977 4736 57535
810000 5977 4736 57535
810250 5977 4736 57535
810500 5977 4736 57535
810750 5977 4736 57535
811000 5977 4736 57535
811250 5977 4736 57535
811500 5977 4736 57535
811750 5977 4736 57535
812000 5977 4736 57535
812250 5977 4736 57535
812500 5977 4736 57535
812750 5977 4736 57535
813000 5977 4736 57535
813250 5977 4736 57535
813500 5977 4736 57535
813750 5977 4736 57535
814000 5977 4736 57535
814250 5977 4736 57535
814500 5977 4736 57535
814750 5977 4736 57535
815000 5977 4736 57535
815250 5977 4736 57535
815500 5977 4736 57535
815750 5977 4736 57535
816000 5977 4736 57535
816250 5977 4736 57535
816500 5977 4736 57535
816750 5977 4736 57535
817000 5977 4736 57535
817250 5977 4736 57535
817500 5977 4736 57535
817750 5977 4736 57535
818000 5977 4736 57535
818250 5977 4736 57535
818500 5977 4736 57535
818750 5977 4736 57535
819000 5977 4736 57535
819250 5977 4736 57535
819500 5977 4736 57535
819750 5977 4736 57535
820000 5977 4736 57535
820250 5977 4736 57535
820500 5977 4736 57535
820750 5977 4736 57535
821000 5977 4736 57535
821250 5977 4736 57535
821500 5977 4736 57535
821750 5977 4736 57535
822000 5977 4736 57535
822250 5977 4736 57535
822500 5977 4736 57535
822750 5977 4736 57535
823000 5977 4736 57535
823250 5977 4736 57535
823500 5977 4736 57535
823750 5977 4736 57535
824000 5977 4736 57535
824250 5977 4736 57535
824500 5977 4736 57535
824750 5977 4736 57535
825000 5977 4736 57535
825250 5977 4736 57535
825500 5977 4736 57535
825750 5977 4736 57535
826000 5977 4736 57535
826250 5977 4736 57535
826500 5977 4736 57535
826750 5977 4736 57535
827000 5977 4736 57535
827250 5977 4736 57535
827500 5977 4736 57535
827750 5977 4736 57535
828000 5977 4736 57535
828250 5977 4736 57535
828500 5977 4736 57535
828750 5977 4736 57535
829000 5977 4736 57535
829250 5977 4736 57535
829500 5977 4736 57535
829750 5977 4736 57535
830000 5977 4736 57535
830250 5977 4736 57535
830500 5977 4736 57535
830750 5977 4736 57535
831000 5977 4736 57535
831250 5977 4736 57535
831500 5977 4736 57535
831750 5977 4736 57535
832000 5977 4736 57535
832250 5977 4736 57535
832500 5977 4736 57535
832750 5977 4736 57535
833000 5977 4736 57535
833250 5977 4736 57535
833500 5977 4736 57535
833750 5977 4736 57535
834000 5977 4736 57535
834250 5977 4736 57535
834500 5977 4736 57535
834750 5977 4736 57535
835000 5977 4736 57535
835250 5977 4736 57535
835500 5977 4736 57535
835750 5977 4736 57535
836000 5977 4736 57535
836250 5977 4736 57535
836500 5977 4736 57535
836750 5977 4736 57535
837000 5977 4736 57535
837250 5977 4736 57535
837500 5977 4736 57535
837750 5977 4736 57535
838000 5977 4736 57535
838250 5977 4736 57535
838500 5977 4736 57535
838750 5977 4736 57535
839000 5977 4736 57535
839250 5977 4736 57535
839500 5977 4736 57535
839750 5977 4736 57535
840000 5977 4736 57535
840250 5977 4736 57535
840500 5977 4736 57535
840750 5977 4736 57535
841000 5977 4736 57535
841250 5977 4736 57535
841500 5977 4736 57535
841750 5977 4736 57535
842000 5977 4736 57535
842250 5977 4736 57535
842500 5977 4736 57535
842750 5977 4736 57535
843000 5977 4736 57535
843250 5977 4736 57535
843500 5977 4736 57535
843750 5977 4736 57535
844000 5977 4736 57535
844250 5977 4736 57535
844500 5977 4736 57535
844750 5977 4736 57535
845000 5977 4736 57535
845250 5977 4736 57535
845500 5977 4736 57535
845750 5977 4736 57535
846000 5977 4736 57535
846250 5977 4736 57535
846500 5977 4736 57535
846750 5977 4736 57535
847000 5977 4736 57535
847250 5977 4736 57535
847500 5977 4736 57535
847750 5977 4736 57535
848000 5977 4736 57535
848250 5977 4736 57535
848500 5977 4736 57535
848750 5977 4736 57535
849000 5977 4736 57535
849250 5977 4736 57535
849500 5977 4736 57535
849750 5977 4736 57535
850000 5977 4736 57535
850250 5977 4736 57535
850500 5977 4736 57535
850750 5977 4736 57535
851000 5977 4736 57535
851250 5977 4736 57535
851500 5977 4736 57535
851750 5977 4736 57535
852000 5977 4736 57535
852250 5977 4736 57535
852500 5977 4736 57535
852750 5977 4736 57535
853000 5977 4736 57535
853250 5977 4736 57535
853500 5977 4736 57535
853750 5977 4736 57535
854000 5977 4736 57535
854250 5977 4736 57535
854500 5977 4736 57535
854750 5977 4736 57535
855000 5977 4736 57535
855250 5977 4736 57535
855500 5977 4736 57535
855750 5977 4736 57535
856000 5977 4736 57535
856250 5977 4736 57535
856500 5977 4736 57535
856750 5977 4736 57535
857000 5977 4736 57535
857250 5977 4736 57535
857500 5977 4736 57535
857750 5977 4736 57535
858000 5977 4736 57535
858250 5977 4736 57535
858500 5977 4736 57535
858750 5977 4736 57535
859000 5977 4736 57535
859250 5977 4736 57535
859500 5977 4736 57535
859750 5977 4736 57535
860000 5977 4736 57535
860250 5977 4736 57535
860500 5977 4736 57535
860750 5977 4736 57535
861000 5977 4736 57535
861250 5977 4736 57535
861500 5977 4736 57535
861750 5977 4736 57535
862000 5977 4736 57535
862250 5977 4736 57535
862500 5977 4736 57535
862750 5977 4736 57535
863000 1460 2988 57535
863250 1460 2988 57535
863500 1460 2988 57535
863750 1460 2988 57535
864000 1460 2988 57535
864250 1460 2988 57535
864500 1460 2988 57535
864750 1460 2988 57535
865000 1460 2988 57535
865250 1460 2988 57535
865500 1460 2988 57535
865750 1460 2988 57535
866000 1460 2988 57535
866250 1460 2988 57535
866500 1460 2988 57535
866750 1460 2988 57535
867000 1460 2988 57535
867250 1460 2988 57535
867500 1460 2988 57535
867750 1460 2988 57535
868000 1460 2988 57535
868250 1460 2988 57535
868500 1460 2988 57535
868750 1460 2988 57535
869000 1460 2988 57535
869250 1460 2988 57535
869500 1460 2988 57535
869750 1460 2988 57535
870000 1460 2988 57535
870250 1460 2988 57535
870500 1460 2988 57535
870750 1460 2988 57535
871000 1460 2988 57535
871250 1460 2988 57535
871500 1460 2988 57535
871750 1460 2988 57535
872000 1460 2988 57535
872250 1460 2988 57535
872500 1460 2988 57535
872750 1460 2988 57535
873000 1460 2988 57535
873250 2920 2988 57535
873500 2920 2988 63535
873750 2920 2988 63535
874000 2920 2988 63535
874250 2920 2988 63535
874500 2920 2988 63535
874750 2920 2988 63535
875000 2920 2988 63535
875250 2920 2988 63535
875500 2920 2988 63535
875750 2920 2988 63535
876000 2920 2988 63535
876250 2920 2988 63535
876500 2920 2988 63535
876750 2920 2988 63535
877000 2920 2988 63535
877250 2920 2988 63535
877500 2920 2988 63535
877750 2920 2988 63535
878000 2920 2988 63535
878250 2920 2988 63535
878500 2920 2988 63535
878750 2920 2988 63535
879000 2920 2988 63535
879250 2920 2988 63535
879500 2920 2988 63535
879750 2920 2988 63535
880000 2920 2988 63535
880250 2920 2988 63535
880500 2920 2988 63535
880750 2920 2988 63535
881000 2920 2988 63535
881250 2920 2988 63535
881500 2920 2988 63535
881750 2920 2988 63535
882000 2920 2988 63535
882250 2920 2988 63535
882500 2920 2988 63535
882750 2920 2988 63535
883000 2920 2988 63535
883250 2920 2988 63535
883500 2920 2988 63535
883750 2920 2988 63535
884000 2920 2988 63535
884250 2920 2988 63535
884500 2920 2988 63535
884750 2920 2988 63535
885000 2920 2988 63535
885250 4380 2988 63535
885500 4866 2988 64535
885750 4866 2988 64535
886000 4866 2988 64535
886250 4866 2988 64535
886500 4866 2988 64535
886750 4866 2988 64535
887000 4866 2988 64535
887250 4866 2988 64535
887500 4866 2988 64535
887750 4866 2988 64535
888000 4866 2988 64535
888250 4866 2988 64535
888500 4866 2988 64535
888750 4866 2988 64535
889000 4866 2988 64535
889250 4866 2988 64535
889500 4866 2988 64535
889750 4866 2988 64535
890000 4866 2988 64535
890250 4866 2988 64535
890500 4866 2988 64535
890750 4866 2988 64535
891000 4866 2988 64535
891250 4866 2988 64535
891500 4866 2988 64535
891750 4866 2988 64535
892000 4866 2988 64535
892250 4866 2988 64535
892500 4866 2988 64535
892750 4866 2988 64535
893000 4866 2988 64535
893250 4866 2988 64535
893500 4866 2988 64535
893750 4866 2988 64535
894000 4866 2988 64535
894250 4866 2988 64535
894500 4866 2988 64535
894750 4866 2988 64535
895000 4866 2988 64535
895250 4866 2988 64535
895500 4866 2988 64535
895750 4866 2988 64535
896000 4866 2988 64535
896250 4866 2988 64535
896500 4866 2988 64535
896750 4866 2988 64535
897000 4866 2988 64535
897250 4866 2988 64535
897500 5705 2988 64535
897750 6428 2988 62535
898000 6428 2988 62535
898250 6428 2988 62535
898500 6428 2988 62535
898750 6428 2988 62535
899000 6428 2988 62535
899250 6428 2988 62535
899500 6428 2988 62535
899750 6428 2988 62535
900000 6428 2988 62535
900250 6428 2988 62535
900500 6428 2988 62535
900750 6428 2988 62535
901000 6428 2988 62535
901250 6428 2988 62535
901500 6428 2988 62535
901750 6428 2988 62535
902000 6428 2988 62535
902250 6428 2988 62535
902500 6428 2988 62535
902750 6428 2988 62535
903000 6428 2988 62535
903250 6428 2988 62535
903500 6428 2988 62535
903750 6428 2988 62535
904000 6428 2988 62535
904250 6428 2988 62535
904500 6428 2988 62535
904750 6428 2988 62535
905000 6428 2988 62535
905250 6428 2988 62535
905500 6428 2988 62535
905750 6428 2988 62535
906000 6428 2988 62535
906250 6428 2988 62535
906500 6428 2988 62535
906750 6428 2988 62535
907000 6428 2988 62535
907250 6428 2988 62535
907500 6428 2988 62535
907750 6428 2988 62535
908000 6428 2988 62535
908250 6428 2988 62535
908500 6428 2988 62535
908750 6428 2988 62535
909000 6759 2988 64535
909250 6759 2988 64535
909500 6759 2988 64535
909750 6759 2988 64535
910000 6759 2988 64535
910250 6759 2988 64535
910500 6759 2988 64535
910750 6759 2988 64535
911000 6759 2988 64535
911250 6759 2988 64535
911500 6759 2988 64535
911750 6759 2988 64535
912000 6759 2988 64535
912250 6759 2988 64535
912500 6759 2988 64535
912750 6759 2988 64535
913000 6759 2988 64535
913250 6759 2988 64535
913500 6759 2988 64535
913750 6759 2988 64535
914000 6759 2988 64535
914250 6759 2988 64535
914500 6759 2988 64535
914750 6759 2988 64535
915000 6759 2988 64535
915250 6759 2988 64535
915500 6759 2988 64535
915750 6759 2988 64535
916000 6759 2988 64535
916250 6759 2988 64535
916500 6759 2988 64535
916750 6759 2988 64535
917000 6759 2988 64535
917250 6759 2988 64535
917500 6759 2988 64535
917750 6759 2988 64535
918000 6759 2988 64535
918250 6759 2988 64535
918500 6759 2988 64535
918750 6759 2988 64535
919000 6759 2988 64535
919250 6759 2988 64535
919500 6759 2988 64535
919750 6759 2988 64535
920000 6759 2988 64535
920250 6759 2988 64535
920500 6759 2988 64535
920750 7664 2988 64535
921000 7664 2988 64535
921250 8469 2988 62535
921500 8469 2988 62535
921750 8469 2988 62535
922000 8469 2988 62535
922250 8469 2988 62535
922500 8469 2988 62535
922750 8469 2988 62535
923000 8469 2988 62535
923250 8469 2988 62535
923500 8469 2988 62535
923750 8469 2988 62535
924000 8469 2988 62535
924250 8469 2988 62535
924500 8469 2988 62535
924750 8469 2988 62535
925000 8469 2988 62535
925250 8469 2988 62535
925500 8469 2988 62535
925750 8469 2988 62535
926000 8469 2988 62535
926250 8469 2988 62535
926500 8469 2988 62535
926750 8469 2988 62535
927000 8469 2988 62535
927250 8469 2988 62535
927500 8469 2988 62535
927750 8469 2988 62535
928000 8469 2988 62535
928250 8469 2988 62535
928500 8469 2988 62535
928750 8469 2988 62535
929000 8469 2988 62535
929250 8469 2988 62535
929500 8469 2988 62535
929750 8469 2988 62535
930000 8469 2988 62535
930250 10303 2988 64535
930500 10303 2988 64535
930750 10303 2988 64535
931000 10303 2988 64535
931250 10303 2988 64535
931500 10303 2988 64535
931750 10303 2988 64535
932000 10303 2988 64535
932250 10303 2988 64535
932500 10303 2988 64535
932750 10303 2988 64535
933000 10303 2988 64535
933250 10303 2988 64535
933500 10303 2988 64535
933750 10303 2988 64535
934000 10303 2988 64535
934250 10303 2988 64535
934500 10303 2988 64535
934750 10303 2988 64535
935000 10303 2988 64535
935250 10303 2988 64535
935500 10303 2988 64535
935750 10303 2988 64535
936000 10303 2988 64535
936250 10303 2988 64535
936500 10303 2988 64535
936750 10303 2988 64535
937000 10303 2988 64535
937250 10303 2988 64535
937500 10303 2988 64535
937750 10303 2988 64535
938000 10303 2988 64535
938250 10303 2988 64535
938500 10303 2988 64535
938750 10303 2988 64535
939000 10303 2988 64535
939250 10303 2988 64535
939500 10303 2988 64535
939750 10509 2988 64535
940000 12030 2988 58535
940250 12030 2988 58535
940500 12030 2988 58535
940750 12030 2988 58535
941000 12030 2988 58535
941250 12030 2988 58535
941500 12030 2988 58535
941750 12030 2988 58535
942000 12030 2988 58535
942250 12030 2988 58535
942500 12030 2988 58535
942750 12030 2988 58535
943000 12030 2988 58535
943250 12030 2988 58535
943500 12030 2988 58535
943750 12030 2988 58535
944000 12030 2988 58535
944250 12030 2988 58535
944500 12030 2988 58535
944750 12030 2988 58535
945000 12030 2988 58535
945250 12030 2988 58535
945500 12030 2988 58535
945750 12030 2988 58535
946000 12030 2988 58535
946250 12030 2988 58535
946500 12030 2988 58535
946750 12030 2988 58535
947000 12030 2988 58535
947250 12030 2988 58535
947500 12030 2988 58535
947750 12030 2988 58535
948000 12030 2988 58535
948250 12030 2988 58535
948500 12030 2988 58535
948750 12030 2988 58535
949000 12030 2988 58535
949250 12030 2988 58535
949500 12030 2988 58535
949750 12030 2988 58535
950000 12030 2988 58535
950250 12030 2988 58535
950500 12030 2988 58535
950750 12030 2988 58535
951000 12030 2988 58535
951250 12030 2988 58535
951500 12030 2988 58535
951750 12030 2988 58535
952000 12030 2988 58535
952250 12030 2988 58535
952500 12030 2988 58535
952750 12207 2988 58535
953000 11943 6103 65535
953250 14863 6103 65535
953500 19243 6103 65535
953750 19243 6103 65535
954000 19243 6103 65535
954250 19243 6103 65535
954500 19243 6103 65535
954750 19243 6103 65535
955000 19243 6103 65535
955250 19243 6103 65535
955500 19243 6103 65535
955750 19243 6103 65535
956000 19243 6103 65535
956250 19243 6103 65535
956500 19243 6103 65535
956750 19243 6103 65535
957000 19243 6103 65535
957250 19243 6103 65535
957500 19243 6103 65535
957750 19243 6103 65535
958000 19243 6103 65535
958250 19243 6103 65535
958500 19243 6103 65535
958750 19243 6103 65535
959000 19243 6103 65535
959250 19243 6103 65535
959500 19243 6103 65535
959750 19243 6103 65535
960000 19243 6103 65535
960250 19243 6103 65535
960500 19243 6103 65535
960750 19243 6103 65535
961000 19243 6103 65535
961250 19243 6103 65535
961500 19243 6103 65535
961750 19243 6103 65535
962000 19243 6103 65535
962250 19243 6103 65535
962500 19243 6103 65535
962750 19243 6103 65535
963000 19243 6103 65535
963250 19243 6103 65535
963500 19243 6103 65535
963750 19243 6103 65535
964000 19243 6103 65535
964250 19243 6103 65535
964500 19243 6103 65535
964750 19243 6103 65535
965000 19243 6103 65535
965250 19243 6103 65535
965500 19243 6103 65535
965750 19243 6103 65535
966000 19243 6103 65535
966250 19243 6103 65535
966500 19243 6103 65535
966750 6103 6103 54535
967000 6103 6103 54535
967250 6103 6103 54535
967500 6103 6103 54535
967750 6103 6103 54535
968000 6103 6103 54535
968250 6103 6103 54535
968500 6103 6103 54535
968750 6103 6103 54535
969000 6103 6103 54535
969250 6103 6103 54535
969500 6103 6103 54535
969750 6103 6103 54535
970000 6103 6103 54535
970250 6103 6103 54535
970500 6103 6103 54535
970750 6103 6103 54535
971000 6103 6103 54535
971250 6103 6103 54535
971500 6103 6103 54535
971750 6103 6103 54535
972000 6103 6103 54535
972250 6103 6103 54535
972500 6103 6103 54535
972750 6103 6103 54535
973000 6103 6103 54535
973250 6103 6103 54535
973500 6103 6103 54535
973750 6103 6103 54535
974000 6103 6103 54535
974250 6103 6103 54535
974500 6103 6103 54535
974750 6103 6103 54535
975000 6103 6103 54535
975250 6103 6103 54535
975500 6103 6103 54535
975750 6103 6103 54535
976000 6103 6103 54535
976250 6103 6103 54535
976500 6103 6103 54535
976750 6103 6103 54535
977000 6103 6103 54535
977250 6103 6103 54535
977500 6103 6103 54535
977750 6103 6103 54535
978000 6103 6103 54535
978250 6103 6103 54535
978500 6103 6103 54535
978750 6103 6103 54535
979000 6103 6103 54535
979250 6103 6103 54535
979500 6452 6103 64535
979750 7396 6103 62535
980000 7684 6103 61535
980250 7684 6103 61535
980500 7684 6103 61535
980750 7684 6103 61535
981000 7684 6103 61535
981250 7684 6103 61535
981500 7684 6103 61535
981750 7684 6103 61535
982000 7684 6103 61535
982250 7684 6103 61535
982500 7684 6103 61535
982750 7684 6103 61535
983000 7684 6103 61535
983250 7684 6103 61535
983500 7684 6103 61535
983750 7684 6103 61535
984000 7684 6103 61535
984250 7684 6103 61535
984500 7684 6103 61535
984750 7684 6103 61535
985000 7684 6103 61535
985250 7684 6103 61535
985500 7684 6103 61535
985750 7684 6103 61535
986000 7684 6103 61535
986250 7684 6103 61535
986500 7684 6103 61535
986750 7684 6103 61535
987000 7684 6103 61535
987250 7684 6103 61535
987500 7684 6103 61535
987750 7684 6103 61535
988000 7684 6103 61535
988250 7684 6103 61535
988500 7684 6103 61535
988750 7684 6103 61535
989000 7684 6103 61535
989250 7684 6103 61535
989500 7684 6103 61535
989750 7684 6103 61535
990000 7684 6103 61535
990250 7684 6103 61535
990500 7684 6103 61535
990750 7684 6103 61535
991000 7684 6103 61535
991250 7684 6103 61535
991500 7684 6103 61535
991750 7684 6103 61535
992000 7961 6103 64535
992250 7961 6103 64535
992500 7961 6103 64535
992750 7961 6103 64535
993000 7961 6103 64535
993250 7961 6103 64535
993500 7961 6103 64535
993750 7961 6103 64535
994000 7961 6103 64535
994250 7961 6103 64535
994500 7961 6103 64535
994750 7961 6103 64535
995000 7961 6103 64535
995250 7961 6103 64535
995500 7961 6103 64535
995750 7961 6103 64535
996000 7961 6103 64535
996250 7961 6103 64535
996500 7961 6103 64535
996750 7961 6103 64535
997000 7961 6103 64535
997250 7961 6103 64535
997500 7961 6103 64535
997750 7961 6103 64535
998000 7961 6103 64535
998250 7961 6103 64535
998500 7961 6103 64535
998750 7961 6103 64535
999000 7961 6103 64535
999250 7961 6103 64535
999500 7961 6103 64535
999750 7961 6103 64535
1000000 7961 6103 64535
